County Name and State,County Name,id,2020 Population,2021 Population,2022 Population,2020-2021 Percent Change,2021-2022 Percent Change,2020-2022 Percent Change,2020-2021 Raw Change,2021-2022 Raw Change,2020-2022 Raw Change
"Autauga County, Alabama",Autauga,1001,58902,59210,59759,0.52,0.93,1.45,308,549,857
"Baldwin County, Alabama",Baldwin,1003,233219,239361,246435,2.63,2.96,5.67,6142,7074,13216
"Barbour County, Alabama",Barbour,1005,24960,24539,24706,-1.69,0.68,-1.02,-421,167,-254
"Bibb County, Alabama",Bibb,1007,22183,22370,22005,0.84,-1.63,-0.80,187,-365,-178
"Blount County, Alabama",Blount,1009,59102,59085,59512,-0.03,0.72,0.69,-17,427,410
"Bullock County, Alabama",Bullock,1011,10296,10280,10202,-0.16,-0.76,-0.91,-16,-78,-94
"Butler County, Alabama",Butler,1013,19031,18855,18650,-0.92,-1.09,-2.00,-176,-205,-381
"Calhoun County, Alabama",Calhoun,1015,116239,115677,115788,-0.48,0.10,-0.39,-562,111,-451
"Chambers County, Alabama",Chambers,1017,34645,34446,34088,-0.57,-1.04,-1.61,-199,-358,-557
"Cherokee County, Alabama",Cherokee,1019,24972,25026,25302,0.22,1.10,1.32,54,276,330
"Chilton County, Alabama",Chilton,1021,45051,45259,45884,0.46,1.38,1.85,208,625,833
"Choctaw County, Alabama",Choctaw,1023,12619,12549,12439,-0.55,-0.88,-1.43,-70,-110,-180
"Clarke County, Alabama",Clarke,1025,22981,22715,22515,-1.16,-0.88,-2.03,-266,-200,-466
"Clay County, Alabama",Clay,1027,14211,14190,14198,-0.15,0.06,-0.09,-21,8,-13
"Cleburne County, Alabama",Cleburne,1029,15063,15148,15346,0.56,1.31,1.88,85,198,283
"Coffee County, Alabama",Coffee,1031,53547,54171,54805,1.17,1.17,2.35,624,634,1258
"Colbert County, Alabama",Colbert,1033,57299,57619,58033,0.56,0.72,1.28,320,414,734
"Conecuh County, Alabama",Conecuh,1035,11553,11320,11206,-2.02,-1.01,-3.00,-233,-114,-347
"Coosa County, Alabama",Coosa,1037,10341,10366,10166,0.24,-1.93,-1.69,25,-200,-175
"Covington County, Alabama",Covington,1039,37507,37542,37602,0.09,0.16,0.25,35,60,95
"Crenshaw County, Alabama",Crenshaw,1041,13165,13056,13025,-0.83,-0.24,-1.06,-109,-31,-140
"Cullman County, Alabama",Cullman,1043,88131,89618,90665,1.69,1.17,2.88,1487,1047,2534
"Dale County, Alabama",Dale,1045,49253,49412,49544,0.32,0.27,0.59,159,132,291
"Dallas County, Alabama",Dallas,1047,38174,37565,36767,-1.60,-2.12,-3.69,-609,-798,-1407
"DeKalb County, Alabama",DeKalb,1049,71648,71829,71998,0.25,0.24,0.49,181,169,350
"Elmore County, Alabama",Elmore,1051,87853,88737,89563,1.01,0.93,1.95,884,826,1710
"Escambia County, Alabama",Escambia,1053,36680,36658,36666,-0.06,0.02,-0.04,-22,8,-14
"Etowah County, Alabama",Etowah,1055,103447,103139,103088,-0.30,-0.05,-0.35,-308,-51,-359
"Fayette County, Alabama",Fayette,1057,16330,16155,16118,-1.07,-0.23,-1.30,-175,-37,-212
"Franklin County, Alabama",Franklin,1059,32075,31996,31932,-0.25,-0.20,-0.45,-79,-64,-143
"Geneva County, Alabama",Geneva,1061,26696,26667,26783,-0.11,0.43,0.33,-29,116,87
"Greene County, Alabama",Greene,1063,7702,7592,7422,-1.43,-2.24,-3.64,-110,-170,-280
"Hale County, Alabama",Hale,1065,14768,14737,14595,-0.21,-0.96,-1.17,-31,-142,-173
"Henry County, Alabama",Henry,1067,17175,17434,17655,1.51,1.27,2.79,259,221,480
"Houston County, Alabama",Houston,1069,107286,107453,108079,0.16,0.58,0.74,167,626,793
"Jackson County, Alabama",Jackson,1071,52545,52694,52891,0.28,0.37,0.66,149,197,346
"Jefferson County, Alabama",Jefferson,1073,674675,669997,665409,-0.69,-0.68,-1.37,-4678,-4588,-9266
"Lamar County, Alabama",Lamar,1075,13956,13740,13705,-1.55,-0.25,-1.80,-216,-35,-251
"Lauderdale County, Alabama",Lauderdale,1077,94025,94862,95878,0.89,1.07,1.97,837,1016,1853
"Lawrence County, Alabama",Lawrence,1079,33089,33123,33214,0.10,0.27,0.38,34,91,125
"Lee County, Alabama",Lee,1081,174742,177655,180773,1.67,1.76,3.45,2913,3118,6031
"Limestone County, Alabama",Limestone,1083,104190,107381,110900,3.06,3.28,6.44,3191,3519,6710
"Lowndes County, Alabama",Lowndes,1085,10273,9926,9777,-3.38,-1.50,-4.83,-347,-149,-496
"Macon County, Alabama",Macon,1087,19473,18906,18516,-2.91,-2.06,-4.91,-567,-390,-957
"Madison County, Alabama",Madison,1089,390502,396593,403565,1.56,1.76,3.35,6091,6972,13063
"Marengo County, Alabama",Marengo,1091,19266,18961,18745,-1.58,-1.14,-2.70,-305,-216,-521
"Marion County, Alabama",Marion,1093,29166,29006,29156,-0.55,0.52,-0.03,-160,150,-10
"Marshall County, Alabama",Marshall,1095,97696,98316,99423,0.63,1.13,1.77,620,1107,1727
"Mobile County, Alabama",Mobile,1097,414353,413017,411411,-0.32,-0.39,-0.71,-1336,-1606,-2942
"Monroe County, Alabama",Monroe,1099,19704,19557,19404,-0.75,-0.78,-1.52,-147,-153,-300
"Montgomery County, Alabama",Montgomery,1101,228322,226953,226361,-0.60,-0.26,-0.86,-1369,-592,-1961
"Morgan County, Alabama",Morgan,1103,123288,123403,124211,0.09,0.65,0.75,115,808,923
"Perry County, Alabama",Perry,1105,8458,8317,8035,-1.67,-3.39,-5.00,-141,-282,-423
"Pickens County, Alabama",Pickens,1107,18922,18615,18697,-1.62,0.44,-1.19,-307,82,-225
"Pike County, Alabama",Pike,1109,32906,32740,33014,-0.50,0.84,0.33,-166,274,108
"Randolph County, Alabama",Randolph,1111,22092,22199,22479,0.48,1.26,1.75,107,280,387
"Russell County, Alabama",Russell,1113,59259,58668,58555,-1.00,-0.19,-1.19,-591,-113,-704
"St. Clair County, Alabama",St. Clair,1115,91652,92903,93932,1.36,1.11,2.49,1251,1029,2280
"Shelby County, Alabama",Shelby,1117,223881,227428,230115,1.58,1.18,2.78,3547,2687,6234
"Sumter County, Alabama",Sumter,1119,12196,11961,11853,-1.93,-0.90,-2.81,-235,-108,-343
"Talladega County, Alabama",Talladega,1121,81428,80483,80704,-1.16,0.27,-0.89,-945,221,-724
"Tallapoosa County, Alabama",Tallapoosa,1123,41286,41132,40977,-0.37,-0.38,-0.75,-154,-155,-309
"Tuscaloosa County, Alabama",Tuscaloosa,1125,231534,235668,236780,1.79,0.47,2.27,4134,1112,5246
"Walker County, Alabama",Walker,1127,65132,64629,64339,-0.77,-0.45,-1.22,-503,-290,-793
"Washington County, Alabama",Washington,1129,15327,15234,15122,-0.61,-0.74,-1.34,-93,-112,-205
"Wilcox County, Alabama",Wilcox,1131,10432,10331,10059,-0.97,-2.63,-3.58,-101,-272,-373
"Winston County, Alabama",Winston,1133,23488,23672,23755,0.78,0.35,1.14,184,83,267
"Aleutians East Borough, Alaska",Aleutians East,2013,3425,3424,3398,-0.03,-0.76,-0.79,-1,-26,-27
"Aleutians West Census Area, Alaska",Aleutians West,2016,5222,5155,5122,-1.28,-0.64,-1.91,-67,-33,-100
"Anchorage Municipality, Alaska",Anchorage,2020,290866,288702,287145,-0.74,-0.54,-1.28,-2164,-1557,-3721
"Bethel Census Area, Alaska",Bethel,2050,18673,18599,18257,-0.40,-1.84,-2.23,-74,-342,-416
"Bristol Bay Borough, Alaska",Bristol Bay,2060,829,841,865,1.45,2.85,4.34,12,24,36
"Denali Borough, Alaska",Denali,2068,1614,1594,1585,-1.24,-0.56,-1.80,-20,-9,-29
"Dillingham Census Area, Alaska",Dillingham,2070,4835,4774,4723,-1.26,-1.07,-2.32,-61,-51,-112
"Fairbanks North Star Borough, Alaska",Fairbanks North Star,2090,95328,95528,95356,0.21,-0.18,0.03,200,-172,28
"Haines Borough, Alaska",Haines,2100,2086,2074,2056,-0.58,-0.87,-1.44,-12,-18,-30
"Juneau City and Borough, Alaska",Juneau,2110,32202,31965,31685,-0.74,-0.88,-1.61,-237,-280,-517
"Kenai Peninsula Borough, Alaska",Kenai Peninsula,2122,58927,59851,60690,1.57,1.40,2.99,924,839,1763
"Ketchikan Gateway Borough, Alaska",Ketchikan Gateway,2130,13918,13810,13741,-0.78,-0.50,-1.27,-108,-69,-177
"Kodiak Island Borough, Alaska",Kodiak Island,2150,13047,12864,12720,-1.40,-1.12,-2.51,-183,-144,-327
"Lake and Peninsula Borough, Alaska",Lake and Peninsula,2164,1452,1419,1381,-2.27,-2.68,-4.89,-33,-38,-71
"Matanuska-Susitna Borough, Alaska",Matanuska-Susitna,2170,107515,111059,113325,3.30,2.04,5.40,3544,2266,5810
"Nome Census Area, Alaska",Nome,2180,10028,9908,9835,-1.20,-0.74,-1.92,-120,-73,-193
"North Slope Borough, Alaska",North Slope,2185,11002,11011,10805,0.08,-1.87,-1.79,9,-206,-197
"Northwest Arctic Borough, Alaska",Northwest Arctic,2188,7790,7560,7423,-2.95,-1.81,-4.71,-230,-137,-367
"Prince of Wales-Hyder Census Area, Alaska",Prince of Wales-Outer Ketchikan,2201,5739,5734,5650,-0.09,-1.46,-1.55,-5,-84,-89
"Sitka City and Borough, Alaska",Sitka,2220,8425,8410,8382,-0.18,-0.33,-0.51,-15,-28,-43
"Skagway Municipality, Alaska",Skagway-Hoonah-Angoon,2232,1240,1142,1081,-7.90,-5.34,-12.82,-98,-61,-159
"Southeast Fairbanks Census Area, Alaska",Southeast Fairbanks,2240,6820,7005,7021,2.71,0.23,2.95,185,16,201
"Wrangell City and Borough, Alaska",Wrangell-Petersburg,2280,2127,2100,2070,-1.27,-1.43,-2.68,-27,-30,-57
"Yakutat City and Borough, Alaska",Yakutat,2282,684,709,700,3.65,-1.27,2.34,25,-9,16
"Yukon-Koyukuk Census Area, Alaska",Yukon-Koyukuk,2290,5296,5280,5179,-0.30,-1.91,-2.21,-16,-101,-117
"Apache County, Arizona",Apache,4001,65911,65385,65432,-0.80,0.07,-0.73,-526,47,-479
"Cochise County, Arizona",Cochise,4003,125522,125763,125663,0.19,-0.08,0.11,241,-100,141
"Coconino County, Arizona",Coconino,4005,145180,142780,144060,-1.65,0.90,-0.77,-2400,1280,-1120
"Gila County, Arizona",Gila,4007,53351,53521,53922,0.32,0.75,1.07,170,401,571
"Graham County, Arizona",Graham,4009,38638,38882,38779,0.63,-0.26,0.36,244,-103,141
"Greenlee County, Arizona",Greenlee,4011,9526,9377,9302,-1.56,-0.80,-2.35,-149,-75,-224
"La Paz County, Arizona",La Paz,4012,16575,16391,16506,-1.11,0.70,-0.42,-184,115,-69
"Maricopa County, Arizona",Maricopa,4013,4440232,4494693,4551524,1.23,1.26,2.51,54461,56831,111292
"Mohave County, Arizona",Mohave,4015,214176,216957,220816,1.30,1.78,3.10,2781,3859,6640
"Navajo County, Arizona",Navajo,4017,106762,107621,108650,0.80,0.96,1.77,859,1029,1888
"Pima County, Arizona",Pima,4019,1045175,1048895,1057597,0.36,0.83,1.19,3720,8702,12422
"Pinal County, Arizona",Pinal,4021,429446,448144,464154,4.35,3.57,8.08,18698,16010,34708
"Santa Cruz County, Arizona",Santa Cruz,4023,47705,48034,48759,0.69,1.51,2.21,329,725,1054
"Yavapai County, Arizona",Yavapai,4025,237216,242193,246191,2.10,1.65,3.78,4977,3998,8975
"Yuma County, Arizona",Yuma,4027,204528,206241,207842,0.84,0.78,1.62,1713,1601,3314
"Arkansas County, Arkansas",Arkansas,5001,17107,16683,16512,-2.48,-1.02,-3.48,-424,-171,-595
"Ashley County, Arkansas",Ashley,5003,18962,18649,18354,-1.65,-1.58,-3.21,-313,-295,-608
"Baxter County, Arkansas",Baxter,5005,41687,42171,42435,1.16,0.63,1.79,484,264,748
"Benton County, Arkansas",Benton,5007,286586,294337,302863,2.70,2.90,5.68,7751,8526,16277
"Boone County, Arkansas",Boone,5009,37383,37890,38284,1.36,1.04,2.41,507,394,901
"Bradley County, Arkansas",Bradley,5011,10488,10332,10135,-1.49,-1.91,-3.37,-156,-197,-353
"Calhoun County, Arkansas",Calhoun,5013,4738,4737,4695,-0.02,-0.89,-0.91,-1,-42,-43
"Carroll County, Arkansas",Carroll,5015,28242,28480,28742,0.84,0.92,1.77,238,262,500
"Chicot County, Arkansas",Chicot,5017,10157,10071,9873,-0.85,-1.97,-2.80,-86,-198,-284
"Clark County, Arkansas",Clark,5019,21387,21217,21250,-0.79,0.16,-0.64,-170,33,-137
"Clay County, Arkansas",Clay,5021,14528,14370,14265,-1.09,-0.73,-1.81,-158,-105,-263
"Cleburne County, Arkansas",Cleburne,5023,24696,25044,25284,1.41,0.96,2.38,348,240,588
"Cleveland County, Arkansas",Cleveland,5025,7550,7490,7467,-0.79,-0.31,-1.10,-60,-23,-83
"Columbia County, Arkansas",Columbia,5027,22742,22510,22216,-1.02,-1.31,-2.31,-232,-294,-526
"Conway County, Arkansas",Conway,5029,20729,20911,21046,0.88,0.65,1.53,182,135,317
"Craighead County, Arkansas",Craighead,5031,111603,111788,113017,0.17,1.10,1.27,185,1229,1414
"Crawford County, Arkansas",Crawford,5033,60147,60423,61075,0.46,1.08,1.54,276,652,928
"Crittenden County, Arkansas",Crittenden,5035,48086,47475,47061,-1.27,-0.87,-2.13,-611,-414,-1025
"Cross County, Arkansas",Cross,5037,16796,16693,16601,-0.61,-0.55,-1.16,-103,-92,-195
"Dallas County, Arkansas",Dallas,5039,6442,6306,6191,-2.11,-1.82,-3.90,-136,-115,-251
"Desha County, Arkansas",Desha,5041,11320,11050,10771,-2.39,-2.52,-4.85,-270,-279,-549
"Drew County, Arkansas",Drew,5043,17314,17070,16911,-1.41,-0.93,-2.33,-244,-159,-403
"Faulkner County, Arkansas",Faulkner,5045,123811,125645,127665,1.48,1.61,3.11,1834,2020,3854
"Franklin County, Arkansas",Franklin,5047,17135,17166,17271,0.18,0.61,0.79,31,105,136
"Fulton County, Arkansas",Fulton,5049,12057,12156,12382,0.82,1.86,2.70,99,226,325
"Garland County, Arkansas",Garland,5051,100249,100386,100089,0.14,-0.30,-0.16,137,-297,-160
"Grant County, Arkansas",Grant,5053,18022,18149,18160,0.70,0.06,0.77,127,11,138
"Greene County, Arkansas",Greene,5055,45864,46349,46448,1.06,0.21,1.27,485,99,584
"Hempstead County, Arkansas",Hempstead,5057,19981,19679,19453,-1.51,-1.15,-2.64,-302,-226,-528
"Hot Spring County, Arkansas",Hot Spring,5059,33075,33108,33203,0.10,0.29,0.39,33,95,128
"Howard County, Arkansas",Howard,5061,12755,12676,12557,-0.62,-0.94,-1.55,-79,-119,-198
"Independence County, Arkansas",Independence,5063,37936,37742,37945,-0.51,0.54,0.02,-194,203,9
"Izard County, Arkansas",Izard,5065,13597,13928,14048,2.43,0.86,3.32,331,120,451
"Jackson County, Arkansas",Jackson,5067,16755,16780,16624,0.15,-0.93,-0.78,25,-156,-131
"Jefferson County, Arkansas",Jefferson,5069,66833,65649,64246,-1.77,-2.14,-3.87,-1184,-1403,-2587
"Johnson County, Arkansas",Johnson,5071,25722,25977,26001,0.99,0.09,1.08,255,24,279
"Lafayette County, Arkansas",Lafayette,5073,6299,6155,6101,-2.29,-0.88,-3.14,-144,-54,-198
"Lawrence County, Arkansas",Lawrence,5075,16212,16316,16205,0.64,-0.68,-0.04,104,-111,-7
"Lee County, Arkansas",Lee,5077,8528,8559,8364,0.36,-2.28,-1.92,31,-195,-164
"Lincoln County, Arkansas",Lincoln,5079,12889,13151,12916,2.03,-1.79,0.21,262,-235,27
"Little River County, Arkansas",Little River,5081,11975,11954,11821,-0.18,-1.11,-1.29,-21,-133,-154
"Logan County, Arkansas",Logan,5083,21103,21207,21253,0.49,0.22,0.71,104,46,150
"Lonoke County, Arkansas",Lonoke,5085,74046,74766,75225,0.97,0.61,1.59,720,459,1179
"Madison County, Arkansas",Madison,5087,16546,16936,17486,2.36,3.25,5.68,390,550,940
"Marion County, Arkansas",Marion,5089,16877,16970,17254,0.55,1.67,2.23,93,284,377
"Miller County, Arkansas",Miller,5091,42579,42499,42552,-0.19,0.12,-0.06,-80,53,-27
"Mississippi County, Arkansas",Mississippi,5093,40544,39577,38896,-2.39,-1.72,-4.06,-967,-681,-1648
"Monroe County, Arkansas",Monroe,5095,6774,6660,6564,-1.68,-1.44,-3.10,-114,-96,-210
"Montgomery County, Arkansas",Montgomery,5097,8488,8638,8556,1.77,-0.95,0.80,150,-82,68
"Nevada County, Arkansas",Nevada,5099,8285,8195,8181,-1.09,-0.17,-1.26,-90,-14,-104
"Newton County, Arkansas",Newton,5101,7193,7164,7078,-0.40,-1.20,-1.60,-29,-86,-115
"Ouachita County, Arkansas",Ouachita,5103,22614,22344,22049,-1.19,-1.32,-2.50,-270,-295,-565
"Perry County, Arkansas",Perry,5105,10000,9989,10063,-0.11,0.74,0.63,-11,74,63
"Phillips County, Arkansas",Phillips,5107,16443,15822,15304,-3.78,-3.27,-6.93,-621,-518,-1139
"Pike County, Arkansas",Pike,5109,10172,10121,10179,-0.50,0.57,0.07,-51,58,7
"Poinsett County, Arkansas",Poinsett,5111,22952,22730,22495,-0.97,-1.03,-1.99,-222,-235,-457
"Polk County, Arkansas",Polk,5113,19187,19331,19337,0.75,0.03,0.78,144,6,150
"Pope County, Arkansas",Pope,5115,63403,63756,64065,0.56,0.48,1.04,353,309,662
"Prairie County, Arkansas",Prairie,5117,8246,8094,8069,-1.84,-0.31,-2.15,-152,-25,-177
"Pulaski County, Arkansas",Pulaski,5119,399246,398069,399145,-0.29,0.27,-0.03,-1177,1076,-101
"Randolph County, Arkansas",Randolph,5121,18590,18842,18837,1.36,-0.03,1.33,252,-5,247
"St. Francis County, Arkansas",St. Francis,5123,23013,22701,22451,-1.36,-1.10,-2.44,-312,-250,-562
"Saline County, Arkansas",Saline,5125,123815,125319,127357,1.21,1.63,2.86,1504,2038,3542
"Scott County, Arkansas",Scott,5127,9828,9795,9805,-0.34,0.10,-0.23,-33,10,-23
"Searcy County, Arkansas",Searcy,5129,7842,7880,7918,0.48,0.48,0.97,38,38,76
"Sebastian County, Arkansas",Sebastian,5131,127800,128425,129059,0.49,0.49,0.99,625,634,1259
"Sevier County, Arkansas",Sevier,5133,15779,15709,15686,-0.44,-0.15,-0.59,-70,-23,-93
"Sharp County, Arkansas",Sharp,5135,17319,17660,17810,1.97,0.85,2.84,341,150,491
"Stone County, Arkansas",Stone,5137,12350,12432,12575,0.66,1.15,1.82,82,143,225
"Union County, Arkansas",Union,5139,38926,38364,37752,-1.44,-1.60,-3.02,-562,-612,-1174
"Van Buren County, Arkansas",Van Buren,5141,15801,15751,16102,-0.32,2.23,1.90,-50,351,301
"Washington County, Arkansas",Washington,5143,246756,251692,256054,2.00,1.73,3.77,4936,4362,9298
"White County, Arkansas",White,5145,76851,77157,77755,0.40,0.78,1.18,306,598,904
"Woodruff County, Arkansas",Woodruff,5147,6228,6153,6049,-1.20,-1.69,-2.87,-75,-104,-179
"Yell County, Arkansas",Yell,5149,20214,20152,20129,-0.31,-0.11,-0.42,-62,-23,-85
"Alameda County, California",Alameda,6001,1680380,1643837,1628997,-2.17,-0.90,-3.06,-36543,-14840,-51383
"Alpine County, California",Alpine,6003,1204,1235,1190,2.57,-3.64,-1.16,31,-45,-14
"Amador County, California",Amador,6005,40532,41144,41412,1.51,0.65,2.17,612,268,880
"Butte County, California",Butte,6007,210135,206190,207303,-1.88,0.54,-1.35,-3945,1113,-2832
"Calaveras County, California",Calaveras,6009,45346,46219,46563,1.93,0.74,2.68,873,344,1217
"Colusa County, California",Colusa,6011,21858,21913,21914,0.25,0.00,0.26,55,1,56
"Contra Costa County, California",Contra Costa,6013,1165986,1163298,1156966,-0.23,-0.54,-0.77,-2688,-6332,-9020
"Del Norte County, California",Del Norte,6015,27601,27553,27082,-0.17,-1.71,-1.88,-48,-471,-519
"El Dorado County, California",El Dorado,6017,191220,193590,192646,1.24,-0.49,0.75,2370,-944,1426
"Fresno County, California",Fresno,6019,1009503,1012992,1015190,0.35,0.22,0.56,3489,2198,5687
"Glenn County, California",Glenn,6021,28896,28664,28339,-0.80,-1.13,-1.93,-232,-325,-557
"Humboldt County, California",Humboldt,6023,136261,134836,135010,-1.05,0.13,-0.92,-1425,174,-1251
"Imperial County, California",Imperial,6025,179595,179215,178713,-0.21,-0.28,-0.49,-380,-502,-882
"Inyo County, California",Inyo,6027,19001,18927,18718,-0.39,-1.10,-1.49,-74,-209,-283
"Kern County, California",Kern,6029,905828,912351,916108,0.72,0.41,1.13,6523,3757,10280
"Kings County, California",Kings,6031,152790,152679,152981,-0.07,0.20,0.13,-111,302,191
"Lake County, California",Lake,6033,68195,68584,68191,0.57,-0.57,-0.01,389,-393,-4
"Lassen County, California",Lassen,6035,32317,31813,29904,-1.56,-6.00,-7.47,-504,-1909,-2413
"Los Angeles County, California",Los Angeles,6037,9992236,9811842,9721138,-1.81,-0.92,-2.71,-180394,-90704,-271098
"Madera County, California",Madera,6039,156343,158910,160256,1.64,0.85,2.50,2567,1346,3913
"Marin County, California",Marin,6041,261282,259162,256018,-0.81,-1.21,-2.01,-2120,-3144,-5264
"Mariposa County, California",Mariposa,6043,17118,17107,17020,-0.06,-0.51,-0.57,-11,-87,-98
"Mendocino County, California",Mendocino,6045,91361,91003,89783,-0.39,-1.34,-1.73,-358,-1220,-1578
"Merced County, California",Merced,6047,281814,284458,290014,0.94,1.95,2.91,2644,5556,8200
"Modoc County, California",Modoc,6049,8663,8571,8511,-1.06,-0.70,-1.75,-92,-60,-152
"Mono County, California",Mono,6051,13226,13261,12978,0.26,-2.13,-1.88,35,-283,-248
"Monterey County, California",Monterey,6053,438390,437249,432858,-0.26,-1.00,-1.26,-1141,-4391,-5532
"Napa County, California",Napa,6055,137485,136206,134300,-0.93,-1.40,-2.32,-1279,-1906,-3185
"Nevada County, California",Nevada,6057,102249,103457,102293,1.18,-1.13,0.04,1208,-1164,44
"Orange County, California",Orange,6059,3185516,3161005,3151184,-0.77,-0.31,-1.08,-24511,-9821,-34332
"Placer County, California",Placer,6061,405889,412789,417772,1.70,1.21,2.93,6900,4983,11883
"Plumas County, California",Plumas,6063,19749,19940,19351,0.97,-2.95,-2.02,191,-589,-398
"Riverside County, California",Riverside,6065,2422847,2453178,2473902,1.25,0.84,2.11,30331,20724,51055
"Sacramento County, California",Sacramento,6067,1586465,1588106,1584169,0.10,-0.25,-0.14,1641,-3937,-2296
"San Benito County, California",San Benito,6069,64521,66675,67579,3.34,1.36,4.74,2154,904,3058
"San Bernardino County, California",San Bernardino,6071,2183239,2192882,2193656,0.44,0.04,0.48,9643,774,10417
"San Diego County, California",San Diego,6073,3296045,3274954,3276208,-0.64,0.04,-0.60,-21091,1254,-19837
"San Francisco County, California",San Francisco,6075,870393,811253,808437,-6.79,-0.35,-7.12,-59140,-2816,-61956
"San Joaquin County, California",San Joaquin,6077,780558,788140,793229,0.97,0.65,1.62,7582,5089,12671
"San Luis Obispo County, California",San Luis Obispo,6079,281879,279298,282013,-0.92,0.97,0.05,-2581,2715,134
"San Mateo County, California",San Mateo,6081,762511,739060,729181,-3.08,-1.34,-4.37,-23451,-9879,-33330
"Santa Barbara County, California",Santa Barbara,6083,448244,437434,443837,-2.41,1.46,-0.98,-10810,6403,-4407
"Santa Clara County, California",Santa Clara,6085,1931026,1886595,1870945,-2.30,-0.83,-3.11,-44431,-15650,-60081
"Santa Cruz County, California",Santa Cruz,6087,270462,260495,264370,-3.69,1.49,-2.25,-9967,3875,-6092
"Shasta County, California",Shasta,6089,181984,181981,180930,0.00,-0.58,-0.58,-3,-1051,-1054
"Sierra County, California",Sierra,6091,3228,3295,3217,2.08,-2.37,-0.34,67,-78,-11
"Siskiyou County, California",Siskiyou,6093,43991,44026,43660,0.08,-0.83,-0.75,35,-366,-331
"Solano County, California",Solano,6095,452698,450350,448747,-0.52,-0.36,-0.87,-2348,-1603,-3951
"Sonoma County, California",Sonoma,6097,488281,484315,482650,-0.81,-0.34,-1.15,-3966,-1665,-5631
"Stanislaus County, California",Stanislaus,6099,553217,552851,551275,-0.07,-0.29,-0.35,-366,-1576,-1942
"Sutter County, California",Sutter,6101,99464,99038,98503,-0.43,-0.54,-0.97,-426,-535,-961
"Tehama County, California",Tehama,6103,65682,65380,65245,-0.46,-0.21,-0.67,-302,-135,-437
"Trinity County, California",Trinity,6105,16089,16061,15781,-0.17,-1.74,-1.91,-28,-280,-308
"Tulare County, California",Tulare,6107,473891,476946,477544,0.64,0.13,0.77,3055,598,3653
"Tuolumne County, California",Tuolumne,6109,55374,55065,54531,-0.56,-0.97,-1.52,-309,-534,-843
"Ventura County, California",Ventura,6111,843310,839358,832605,-0.47,-0.80,-1.27,-3952,-6753,-10705
"Yolo County, California",Yolo,6113,216291,213039,222115,-1.50,4.26,2.69,-3252,9076,5824
"Yuba County, California",Yuba,6115,81994,83216,84310,1.49,1.31,2.82,1222,1094,2316
"Adams County, Colorado",Adams,8001,520479,523592,527575,0.60,0.76,1.36,3113,3983,7096
"Alamosa County, Colorado",Alamosa,8003,16377,16563,16592,1.14,0.18,1.31,186,29,215
"Arapahoe County, Colorado",Arapahoe,8005,655207,656557,655808,0.21,-0.11,0.09,1350,-749,601
"Archuleta County, Colorado",Archuleta,8007,13425,13798,14003,2.78,1.49,4.31,373,205,578
"Baca County, Colorado",Baca,8009,3482,3487,3432,0.14,-1.58,-1.44,5,-55,-50
"Bent County, Colorado",Bent,8011,5478,5337,5399,-2.57,1.16,-1.44,-141,62,-79
"Boulder County, Colorado",Boulder,8013,330922,327075,327468,-1.16,0.12,-1.04,-3847,393,-3454
"Chaffee County, Colorado",Chaffee,8015,19477,19711,20223,1.20,2.60,3.83,234,512,746
"Cheyenne County, Colorado",Cheyenne,8017,1744,1716,1732,-1.61,0.93,-0.69,-28,16,-12
"Clear Creek County, Colorado",Clear Creek,8019,9393,9445,9355,0.55,-0.95,-0.40,52,-90,-38
"Conejos County, Colorado",Conejos,8021,7458,7578,7579,1.61,0.01,1.62,120,1,121
"Costilla County, Colorado",Costilla,8023,3501,3595,3603,2.68,0.22,2.91,94,8,102
"Crowley County, Colorado",Crowley,8025,5694,5731,5614,0.65,-2.04,-1.40,37,-117,-80
"Custer County, Colorado",Custer,8027,4719,5064,5335,7.31,5.35,13.05,345,271,616
"Delta County, Colorado",Delta,8029,31051,31383,31602,1.07,0.70,1.77,332,219,551
"Denver County, Colorado",Denver,8031,717556,711323,713252,-0.87,0.27,-0.60,-6233,1929,-4304
"Dolores County, Colorado",Dolores,8033,2332,2370,2455,1.63,3.59,5.27,38,85,123
"Douglas County, Colorado",Douglas,8035,360303,369825,375988,2.64,1.67,4.35,9522,6163,15685
"Eagle County, Colorado",Eagle,8037,55665,55773,55285,0.19,-0.87,-0.68,108,-488,-380
"Elbert County, Colorado",Elbert,8039,26207,27133,27799,3.53,2.45,6.07,926,666,1592
"El Paso County, Colorado",El Paso,8041,732342,737228,740567,0.67,0.45,1.12,4886,3339,8225
"Fremont County, Colorado",Fremont,8043,48878,49234,49621,0.73,0.79,1.52,356,387,743
"Garfield County, Colorado",Garfield,8045,61792,62195,62271,0.65,0.12,0.78,403,76,479
"Gilpin County, Colorado",Gilpin,8047,5824,5899,5891,1.29,-0.14,1.15,75,-8,67
"Grand County, Colorado",Grand,8049,15748,15870,15769,0.77,-0.64,0.13,122,-101,21
"Gunnison County, Colorado",Gunnison,8051,16945,17309,17267,2.15,-0.24,1.90,364,-42,322
"Hinsdale County, Colorado",Hinsdale,8053,788,773,775,-1.90,0.26,-1.65,-15,2,-13
"Huerfano County, Colorado",Huerfano,8055,6827,6922,7082,1.39,2.31,3.74,95,160,255
"Jackson County, Colorado",Jackson,8057,1378,1357,1302,-1.52,-4.05,-5.52,-21,-55,-76
"Jefferson County, Colorado",Jefferson,8059,583050,580926,576143,-0.36,-0.82,-1.18,-2124,-4783,-6907
"Kiowa County, Colorado",Kiowa,8061,1452,1446,1424,-0.41,-1.52,-1.93,-6,-22,-28
"Kit Carson County, Colorado",Kit Carson,8063,7066,6936,6961,-1.84,0.36,-1.49,-130,25,-105
"Lake County, Colorado",Lake,8065,7404,7397,7327,-0.09,-0.95,-1.04,-7,-70,-77
"La Plata County, Colorado",La Plata,8067,55675,56187,56607,0.92,0.75,1.67,512,420,932
"Larimer County, Colorado",Larimer,8069,359899,362713,366778,0.78,1.12,1.91,2814,4065,6879
"Las Animas County, Colorado",Las Animas,8071,14482,14318,14327,-1.13,0.06,-1.07,-164,9,-155
"Lincoln County, Colorado",Lincoln,8073,5665,5477,5510,-3.32,0.60,-2.74,-188,33,-155
"Logan County, Colorado",Logan,8075,21204,21122,20823,-0.39,-1.42,-1.80,-82,-299,-381
"Mesa County, Colorado",Mesa,8077,156005,157434,158636,0.92,0.76,1.69,1429,1202,2631
"Mineral County, Colorado",Mineral,8079,871,929,931,6.66,0.22,6.89,58,2,60
"Moffat County, Colorado",Moffat,8081,13264,13155,13177,-0.82,0.17,-0.66,-109,22,-87
"Montezuma County, Colorado",Montezuma,8083,25883,26216,26468,1.29,0.96,2.26,333,252,585
"Montrose County, Colorado",Montrose,8085,42817,43230,43811,0.96,1.34,2.32,413,581,994
"Morgan County, Colorado",Morgan,8087,29072,28995,29239,-0.26,0.84,0.57,-77,244,167
"Otero County, Colorado",Otero,8089,18667,18536,18303,-0.70,-1.26,-1.95,-131,-233,-364
"Ouray County, Colorado",Ouray,8091,4881,5059,5100,3.65,0.81,4.49,178,41,219
"Park County, Colorado",Park,8093,17419,17758,17939,1.95,1.02,2.99,339,181,520
"Phillips County, Colorado",Phillips,8095,4531,4508,4449,-0.51,-1.31,-1.81,-23,-59,-82
"Pitkin County, Colorado",Pitkin,8097,17354,17350,16876,-0.02,-2.73,-2.75,-4,-474,-478
"Prowers County, Colorado",Prowers,8099,12010,11994,11854,-0.13,-1.17,-1.30,-16,-140,-156
"Pueblo County, Colorado",Pueblo,8101,168325,169332,169544,0.60,0.13,0.72,1007,212,1219
"Rio Blanco County, Colorado",Rio Blanco,8103,6524,6453,6569,-1.09,1.80,0.69,-71,116,45
"Rio Grande County, Colorado",Rio Grande,8105,11538,11388,11325,-1.30,-0.55,-1.85,-150,-63,-213
"Routt County, Colorado",Routt,8107,24829,25056,25007,0.91,-0.20,0.72,227,-49,178
"Saguache County, Colorado",Saguache,8109,6393,6505,6623,1.75,1.81,3.60,112,118,230
"San Juan County, Colorado",San Juan,8111,710,740,803,4.23,8.51,13.10,30,63,93
"San Miguel County, Colorado",San Miguel,8113,8054,8074,8003,0.25,-0.88,-0.63,20,-71,-51
"Sedgwick County, Colorado",Sedgwick,8115,2390,2331,2295,-2.47,-1.54,-3.97,-59,-36,-95
"Summit County, Colorado",Summit,8117,30994,30971,30565,-0.07,-1.31,-1.38,-23,-406,-429
"Teller County, Colorado",Teller,8119,24747,24939,24857,0.78,-0.33,0.44,192,-82,110
"Washington County, Colorado",Washington,8121,4808,4850,4812,0.87,-0.78,0.08,42,-38,4
"Weld County, Colorado",Weld,8123,331427,339811,350176,2.53,3.05,5.66,8384,10365,18749
"Yuma County, Colorado",Yuma,8125,9979,9943,9899,-0.36,-0.44,-0.80,-36,-44,-80
"Kent County, Delaware",Kent,10001,182362,184371,186946,1.10,1.40,2.51,2009,2575,4584
"New Castle County, Delaware",New Castle,10003,570873,572714,575494,0.32,0.49,0.81,1841,2780,4621
"Sussex County, Delaware",Sussex,10005,238879,247722,255956,3.70,3.32,7.15,8843,8234,17077
"District of Columbia, District of Columbia",District of Columbia,11001,670868,668791,671803,-0.31,0.45,0.14,-2077,3012,935
"Alachua County, Florida",Alachua,12001,279742,281817,284030,0.74,0.79,1.53,2075,2213,4288
"Baker County, Florida",Baker,12003,28115,28673,27803,1.98,-3.03,-1.11,558,-870,-312
"Bay County, Florida",Bay,12005,174506,179498,185134,2.86,3.14,6.09,4992,5636,10628
"Bradford County, Florida",Bradford,12007,28224,28050,27313,-0.62,-2.63,-3.23,-174,-737,-911
"Brevard County, Florida",Brevard,12009,608713,617742,630693,1.48,2.10,3.61,9029,12951,21980
"Broward County, Florida",Broward,12011,1943266,1935729,1947026,-0.39,0.58,0.19,-7537,11297,3760
"Calhoun County, Florida",Calhoun,12013,13703,13514,13464,-1.38,-0.37,-1.74,-189,-50,-239
"Charlotte County, Florida",Charlotte,12015,188013,194934,202661,3.68,3.96,7.79,6921,7727,14648
"Citrus County, Florida",Citrus,12017,154565,158113,162529,2.30,2.79,5.15,3548,4416,7964
"Clay County, Florida",Clay,12019,218933,222533,226589,1.64,1.82,3.50,3600,4056,7656
"Collier County, Florida",Collier,12021,377293,387241,397994,2.64,2.78,5.49,9948,10753,20701
"Columbia County, Florida",Columbia,12023,69737,69902,71908,0.24,2.87,3.11,165,2006,2171
"DeSoto County, Florida",DeSoto,12027,34087,34340,35312,0.74,2.83,3.59,253,972,1225
"Dixie County, Florida",Dixie,12029,16690,16905,17124,1.29,1.30,2.60,215,219,434
"Duval County, Florida",Duval,12031,997604,1002252,1016536,0.47,1.43,1.90,4648,14284,18932
"Escambia County, Florida",Escambia,12033,322551,323480,324878,0.29,0.43,0.72,929,1398,2327
"Flagler County, Florida",Flagler,12035,116030,120904,126705,4.20,4.80,9.20,4874,5801,10675
"Franklin County, Florida",Franklin,12037,12463,12175,12498,-2.31,2.65,0.28,-288,323,35
"Gadsden County, Florida",Gadsden,12039,43402,43554,43403,0.35,-0.35,0.00,152,-151,1
"Gilchrist County, Florida",Gilchrist,12041,17883,18306,18992,2.37,3.75,6.20,423,686,1109
"Glades County, Florida",Glades,12043,12068,12268,12454,1.66,1.52,3.20,200,186,386
"Gulf County, Florida",Gulf,12045,14264,14452,15314,1.32,5.96,7.36,188,862,1050
"Hamilton County, Florida",Hamilton,12047,13733,13082,13217,-4.74,1.03,-3.76,-651,135,-516
"Hardee County, Florida",Hardee,12049,25331,25307,25645,-0.09,1.34,1.24,-24,338,314
"Hendry County, Florida",Hendry,12051,39725,40212,41339,1.23,2.80,4.06,487,1127,1614
"Hernando County, Florida",Hernando,12053,195627,200649,206896,2.57,3.11,5.76,5022,6247,11269
"Highlands County, Florida",Highlands,12055,101345,103295,105618,1.92,2.25,4.22,1950,2323,4273
"Hillsborough County, Florida",Hillsborough,12057,1466160,1484455,1513301,1.25,1.94,3.22,18295,28846,47141
"Holmes County, Florida",Holmes,12059,19569,19295,19651,-1.40,1.85,0.42,-274,356,82
"Indian River County, Florida",Indian River,12061,160439,163814,167352,2.10,2.16,4.31,3375,3538,6913
"Jackson County, Florida",Jackson,12063,47079,47154,48211,0.16,2.24,2.40,75,1057,1132
"Jefferson County, Florida",Jefferson,12065,14390,14476,15042,0.60,3.91,4.53,86,566,652
"Lafayette County, Florida",Lafayette,12067,8214,7958,7786,-3.12,-2.16,-5.21,-256,-172,-428
"Lake County, Florida",Lake,12069,386194,396242,410139,2.60,3.51,6.20,10048,13897,23945
"Lee County, Florida",Lee,12071,765504,790676,822453,3.29,4.02,7.44,25172,31777,56949
"Leon County, Florida",Leon,12073,293948,296081,297369,0.73,0.44,1.16,2133,1288,3421
"Levy County, Florida",Levy,12075,43059,44158,45260,2.55,2.50,5.11,1099,1102,2201
"Liberty County, Florida",Liberty,12077,7805,7308,7603,-6.37,4.04,-2.59,-497,295,-202
"Madison County, Florida",Madison,12079,17866,18069,18198,1.14,0.71,1.86,203,129,332
"Manatee County, Florida",Manatee,12081,401593,413474,429125,2.96,3.79,6.86,11881,15651,27532
"Marion County, Florida",Marion,12083,377459,385084,396415,2.02,2.94,5.02,7625,11331,18956
"Martin County, Florida",Martin,12085,158658,160249,162006,1.00,1.10,2.11,1591,1757,3348
"Miami-Dade County, Florida",Miami-Dade,12086,2695501,2670421,2673837,-0.93,0.13,-0.80,-25080,3416,-21664
"Monroe County, Florida",Monroe,12087,82852,82265,81708,-0.71,-0.68,-1.38,-587,-557,-1144
"Nassau County, Florida",Nassau,12089,91027,94393,97899,3.70,3.71,7.55,3366,3506,6872
"Okaloosa County, Florida",Okaloosa,12091,212071,213647,216482,0.74,1.33,2.08,1576,2835,4411
"Okeechobee County, Florida",Okeechobee,12093,39642,40044,40412,1.01,0.92,1.94,402,368,770
"Orange County, Florida",Orange,12095,1431573,1427928,1452726,-0.25,1.74,1.48,-3645,24798,21153
"Osceola County, Florida",Osceola,12097,391118,404020,422545,3.30,4.59,8.04,12902,18525,31427
"Palm Beach County, Florida",Palm Beach,12099,1494173,1503223,1518477,0.61,1.01,1.63,9050,15254,24304
"Pasco County, Florida",Pasco,12101,566126,584927,608794,3.32,4.08,7.54,18801,23867,42668
"Pinellas County, Florida",Pinellas,12103,959465,959046,961739,-0.04,0.28,0.24,-419,2693,2274
"Polk County, Florida",Polk,12105,730111,755179,787404,3.43,4.27,7.85,25068,32225,57293
"Putnam County, Florida",Putnam,12107,73376,74059,74731,0.93,0.91,1.85,683,672,1355
"St. Johns County, Florida",St. Johns,12109,277085,293175,306841,5.81,4.66,10.74,16090,13666,29756
"St. Lucie County, Florida",St. Lucie,12111,331428,344283,358704,3.88,4.19,8.23,12855,14421,27276
"Santa Rosa County, Florida",Santa Rosa,12113,188989,193783,198268,2.54,2.31,4.91,4794,4485,9279
"Sarasota County, Florida",Sarasota,12115,436207,448550,462286,2.83,3.06,5.98,12343,13736,26079
"Seminole County, Florida",Seminole,12117,471428,471009,478772,-0.09,1.65,1.56,-419,7763,7344
"Sumter County, Florida",Sumter,12119,130298,134867,144970,3.51,7.49,11.26,4569,10103,14672
"Suwannee County, Florida",Suwannee,12121,43517,44092,45411,1.32,2.99,4.35,575,1319,1894
"Taylor County, Florida",Taylor,12123,21739,20786,21283,-4.38,2.39,-2.10,-953,497,-456
"Union County, Florida",Union,12125,15417,15825,15460,2.65,-2.31,0.28,408,-365,43
"Volusia County, Florida",Volusia,12127,555764,565988,579192,1.84,2.33,4.22,10224,13204,23428
"Wakulla County, Florida",Wakulla,12129,33895,34274,35178,1.12,2.64,3.79,379,904,1283
"Walton County, Florida",Walton,12131,75937,79988,83304,5.33,4.15,9.70,4051,3316,7367
"Washington County, Florida",Washington,12133,25313,24877,25414,-1.72,2.16,0.40,-436,537,101
"Appling County, Georgia",Appling,13001,18366,18411,18428,0.25,0.09,0.34,45,17,62
"Atkinson County, Georgia",Atkinson,13003,8311,8358,8183,0.57,-2.09,-1.54,47,-175,-128
"Bacon County, Georgia",Bacon,13005,11108,11071,11191,-0.33,1.08,0.75,-37,120,83
"Baker County, Georgia",Baker,13007,2851,2827,2788,-0.84,-1.38,-2.21,-24,-39,-63
"Baldwin County, Georgia",Baldwin,13009,43794,43671,43635,-0.28,-0.08,-0.36,-123,-36,-159
"Banks County, Georgia",Banks,13011,18082,18538,19328,2.52,4.26,6.89,456,790,1246
"Barrow County, Georgia",Barrow,13013,83975,86672,89299,3.21,3.03,6.34,2697,2627,5324
"Bartow County, Georgia",Bartow,13015,109296,110901,112816,1.47,1.73,3.22,1605,1915,3520
"Ben Hill County, Georgia",Ben Hill,13017,17168,17152,17069,-0.09,-0.48,-0.58,-16,-83,-99
"Berrien County, Georgia",Berrien,13019,18148,18128,18214,-0.11,0.47,0.36,-20,86,66
"Bibb County, Georgia",Bibb,13021,157025,155985,156197,-0.66,0.14,-0.53,-1040,212,-828
"Bleckley County, Georgia",Bleckley,13023,12524,12255,12257,-2.15,0.02,-2.13,-269,2,-267
"Brantley County, Georgia",Brantley,13025,18043,18121,18183,0.43,0.34,0.78,78,62,140
"Brooks County, Georgia",Brooks,13027,16268,16285,16253,0.10,-0.20,-0.09,17,-32,-15
"Bryan County, Georgia",Bryan,13029,45035,46963,48225,4.28,2.69,7.08,1928,1262,3190
"Bulloch County, Georgia",Bulloch,13031,79918,80637,83059,0.90,3.00,3.93,719,2422,3141
"Burke County, Georgia",Burke,13033,24633,24333,24388,-1.22,0.23,-0.99,-300,55,-245
"Butts County, Georgia",Butts,13035,25551,26114,26649,2.20,2.05,4.30,563,535,1098
"Calhoun County, Georgia",Calhoun,13037,5573,5534,5469,-0.70,-1.17,-1.87,-39,-65,-104
"Camden County, Georgia",Camden,13039,54925,55754,57013,1.51,2.26,3.80,829,1259,2088
"Candler County, Georgia",Candler,13043,11022,11000,11000,-0.20,0.00,-0.20,-22,0,-22
"Carroll County, Georgia",Carroll,13045,119484,121592,124592,1.76,2.47,4.28,2108,3000,5108
"Catoosa County, Georgia",Catoosa,13047,68006,68420,68826,0.61,0.59,1.21,414,406,820
"Charlton County, Georgia",Charlton,13049,12532,12813,12781,2.24,-0.25,1.99,281,-32,249
"Chatham County, Georgia",Chatham,13051,295064,295656,301107,0.20,1.84,2.05,592,5451,6043
"Chattahoochee County, Georgia",Chattahoochee,13053,9481,9044,8819,-4.61,-2.49,-6.98,-437,-225,-662
"Chattooga County, Georgia",Chattooga,13055,24922,24828,24936,-0.38,0.43,0.06,-94,108,14
"Cherokee County, Georgia",Cherokee,13057,268175,274839,281278,2.48,2.34,4.89,6664,6439,13103
"Clarke County, Georgia",Clarke,13059,128550,129185,129875,0.49,0.53,1.03,635,690,1325
"Clay County, Georgia",Clay,13061,2830,2859,2845,1.02,-0.49,0.53,29,-14,15
"Clayton County, Georgia",Clayton,13063,297623,297318,296564,-0.10,-0.25,-0.36,-305,-754,-1059
"Clinch County, Georgia",Clinch,13065,6725,6698,6662,-0.40,-0.54,-0.94,-27,-36,-63
"Cobb County, Georgia",Cobb,13067,766374,766691,771952,0.04,0.69,0.73,317,5261,5578
"Coffee County, Georgia",Coffee,13069,43052,42997,43172,-0.13,0.41,0.28,-55,175,120
"Colquitt County, Georgia",Colquitt,13071,45900,45757,45762,-0.31,0.01,-0.30,-143,5,-138
"Columbia County, Georgia",Columbia,13073,156849,159636,162419,1.78,1.74,3.55,2787,2783,5570
"Cook County, Georgia",Cook,13075,17234,17266,17404,0.19,0.80,0.99,32,138,170
"Coweta County, Georgia",Coweta,13077,146725,149925,152882,2.18,1.97,4.20,3200,2957,6157
"Crawford County, Georgia",Crawford,13079,12103,12139,12140,0.30,0.01,0.31,36,1,37
"Crisp County, Georgia",Crisp,13081,20050,20024,19708,-0.13,-1.58,-1.71,-26,-316,-342
"Dade County, Georgia",Dade,13083,16235,16230,16081,-0.03,-0.92,-0.95,-5,-149,-154
"Dawson County, Georgia",Dawson,13085,27056,28475,30138,5.24,5.84,11.39,1419,1663,3082
"Decatur County, Georgia",Decatur,13087,29324,29045,28982,-0.95,-0.22,-1.17,-279,-63,-342
"DeKalb County, Georgia",DeKalb,13089,764420,759231,762820,-0.68,0.47,-0.21,-5189,3589,-1600
"Dodge County, Georgia",Dodge,13091,19874,19675,19802,-1.00,0.65,-0.36,-199,127,-72
"Dooly County, Georgia",Dooly,13093,11165,10881,10572,-2.54,-2.84,-5.31,-284,-309,-593
"Dougherty County, Georgia",Dougherty,13095,85153,82267,82966,-3.39,0.85,-2.57,-2886,699,-2187
"Douglas County, Georgia",Douglas,13097,144552,145628,147316,0.74,1.16,1.91,1076,1688,2764
"Early County, Georgia",Early,13099,10799,10651,10574,-1.37,-0.72,-2.08,-148,-77,-225
"Echols County, Georgia",Echols,13101,3720,3708,3686,-0.32,-0.59,-0.91,-12,-22,-34
"Effingham County, Georgia",Effingham,13103,65158,66746,69041,2.44,3.44,5.96,1588,2295,3883
"Elbert County, Georgia",Elbert,13105,19667,19554,19814,-0.57,1.33,0.75,-113,260,147
"Emanuel County, Georgia",Emanuel,13107,22887,22887,22929,0.00,0.18,0.18,0,42,42
"Evans County, Georgia",Evans,13109,10790,10711,10695,-0.73,-0.15,-0.88,-79,-16,-95
"Fannin County, Georgia",Fannin,13111,25434,25763,25737,1.29,-0.10,1.19,329,-26,303
"Fayette County, Georgia",Fayette,13113,119483,120681,122030,1.00,1.12,2.13,1198,1349,2547
"Floyd County, Georgia",Floyd,13115,98575,98499,99443,-0.08,0.96,0.88,-76,944,868
"Forsyth County, Georgia",Forsyth,13117,252878,260721,267237,3.10,2.50,5.68,7843,6516,14359
"Franklin County, Georgia",Franklin,13119,23468,23503,24128,0.15,2.66,2.81,35,625,660
"Fulton County, Georgia",Fulton,13121,1069370,1062531,1074634,-0.64,1.14,0.49,-6839,12103,5264
"Gilmer County, Georgia",Gilmer,13123,31428,32090,32407,2.11,0.99,3.12,662,317,979
"Glascock County, Georgia",Glascock,13125,2894,2906,2939,0.41,1.14,1.55,12,33,45
"Glynn County, Georgia",Glynn,13127,84471,84705,85079,0.28,0.44,0.72,234,374,608
"Gordon County, Georgia",Gordon,13129,57716,58253,58954,0.93,1.20,2.14,537,701,1238
"Grady County, Georgia",Grady,13131,26222,25879,26008,-1.31,0.50,-0.82,-343,129,-214
"Greene County, Georgia",Greene,13133,19021,19553,20139,2.80,3.00,5.88,532,586,1118
"Gwinnett County, Georgia",Gwinnett,13135,958005,965145,975353,0.75,1.06,1.81,7140,10208,17348
"Habersham County, Georgia",Habersham,13137,46138,46740,47475,1.30,1.57,2.90,602,735,1337
"Hall County, Georgia",Hall,13139,203735,207393,212692,1.80,2.56,4.40,3658,5299,8957
"Hancock County, Georgia",Hancock,13141,8708,8664,8387,-0.51,-3.20,-3.69,-44,-277,-321
"Haralson County, Georgia",Haralson,13143,30037,30579,31337,1.80,2.48,4.33,542,758,1300
"Harris County, Georgia",Harris,13145,34896,35605,36276,2.03,1.88,3.95,709,671,1380
"Hart County, Georgia",Hart,13147,25871,26340,26909,1.81,2.16,4.01,469,569,1038
"Heard County, Georgia",Heard,13149,11448,11529,11725,0.71,1.70,2.42,81,196,277
"Henry County, Georgia",Henry,13151,241848,245023,248364,1.31,1.36,2.69,3175,3341,6516
"Houston County, Georgia",Houston,13153,164343,167156,169631,1.71,1.48,3.22,2813,2475,5288
"Irwin County, Georgia",Irwin,13155,9650,9375,9126,-2.85,-2.66,-5.43,-275,-249,-524
"Jackson County, Georgia",Jackson,13157,76717,80317,83936,4.69,4.51,9.41,3600,3619,7219
"Jasper County, Georgia",Jasper,13159,14666,15259,15951,4.04,4.54,8.76,593,692,1285
"Jeff Davis County, Georgia",Jeff Davis,13161,14799,14848,14889,0.33,0.28,0.61,49,41,90
"Jefferson County, Georgia",Jefferson,13163,15678,15494,15314,-1.17,-1.16,-2.32,-184,-180,-364
"Jenkins County, Georgia",Jenkins,13165,8666,8776,8689,1.27,-0.99,0.27,110,-87,23
"Johnson County, Georgia",Johnson,13167,9186,9034,9242,-1.65,2.30,0.61,-152,208,56
"Jones County, Georgia",Jones,13169,28397,28409,28472,0.04,0.22,0.26,12,63,75
"Lamar County, Georgia",Lamar,13171,18551,18684,19467,0.72,4.19,4.94,133,783,916
"Lanier County, Georgia",Lanier,13173,9926,10052,10171,1.27,1.18,2.47,126,119,245
"Laurens County, Georgia",Laurens,13175,49544,49527,49660,-0.03,0.27,0.23,-17,133,116
"Lee County, Georgia",Lee,13177,33215,33194,33642,-0.06,1.35,1.29,-21,448,427
"Liberty County, Georgia",Liberty,13179,65317,66844,68030,2.34,1.77,4.15,1527,1186,2713
"Lincoln County, Georgia",Lincoln,13181,7701,7750,7841,0.64,1.17,1.82,49,91,140
"Long County, Georgia",Long,13183,16269,17089,18348,5.04,7.37,12.78,820,1259,2079
"Lowndes County, Georgia",Lowndes,13185,118415,118914,119739,0.42,0.69,1.12,499,825,1324
"Lumpkin County, Georgia",Lumpkin,13187,33631,32890,34796,-2.20,5.80,3.46,-741,1906,1165
"McDuffie County, Georgia",McDuffie,13189,21603,21636,21713,0.15,0.36,0.51,33,77,110
"McIntosh County, Georgia",McIntosh,13191,10987,11051,11180,0.58,1.17,1.76,64,129,193
"Macon County, Georgia",Macon,13193,12021,11832,11765,-1.57,-0.57,-2.13,-189,-67,-256
"Madison County, Georgia",Madison,13195,30269,30883,31473,2.03,1.91,3.98,614,590,1204
"Marion County, Georgia",Marion,13197,7530,7426,7449,-1.38,0.31,-1.08,-104,23,-81
"Meriwether County, Georgia",Meriwether,13199,20606,20715,20845,0.53,0.63,1.16,109,130,239
"Miller County, Georgia",Miller,13201,5988,5886,5807,-1.70,-1.34,-3.02,-102,-79,-181
"Mitchell County, Georgia",Mitchell,13205,21668,21266,21116,-1.86,-0.71,-2.55,-402,-150,-552
"Monroe County, Georgia",Monroe,13207,28055,28729,29427,2.40,2.43,4.89,674,698,1372
"Montgomery County, Georgia",Montgomery,13209,8574,8654,8655,0.93,0.01,0.94,80,1,81
"Morgan County, Georgia",Morgan,13211,20198,20654,21031,2.26,1.83,4.12,456,377,833
"Murray County, Georgia",Murray,13213,40012,40032,40472,0.05,1.10,1.15,20,440,460
"Muscogee County, Georgia",Muscogee,13215,206998,205024,202616,-0.95,-1.17,-2.12,-1974,-2408,-4382
"Newton County, Georgia",Newton,13217,112843,115318,117621,2.19,2.00,4.23,2475,2303,4778
"Oconee County, Georgia",Oconee,13219,42013,43025,43588,2.41,1.31,3.75,1012,563,1575
"Oglethorpe County, Georgia",Oglethorpe,13221,14867,15142,15469,1.85,2.16,4.05,275,327,602
"Paulding County, Georgia",Paulding,13223,169570,173921,178421,2.57,2.59,5.22,4351,4500,8851
"Peach County, Georgia",Peach,13225,28040,28245,28562,0.73,1.12,1.86,205,317,522
"Pickens County, Georgia",Pickens,13227,33339,33990,34826,1.95,2.46,4.46,651,836,1487
"Pierce County, Georgia",Pierce,13229,19746,19975,20168,1.16,0.97,2.14,229,193,422
"Pike County, Georgia",Pike,13231,18936,19534,19990,3.16,2.33,5.57,598,456,1054
"Polk County, Georgia",Polk,13233,42923,43332,43709,0.95,0.87,1.83,409,377,786
"Pulaski County, Georgia",Pulaski,13235,9873,9582,9984,-2.95,4.20,1.12,-291,402,111
"Putnam County, Georgia",Putnam,13237,22163,22643,22984,2.17,1.51,3.70,480,341,821
"Quitman County, Georgia",Quitman,13239,2228,2236,2249,0.36,0.58,0.94,8,13,21
"Rabun County, Georgia",Rabun,13241,16914,17088,17206,1.03,0.69,1.73,174,118,292
"Randolph County, Georgia",Randolph,13243,6368,6253,6116,-1.81,-2.19,-3.96,-115,-137,-252
"Richmond County, Georgia",Richmond,13245,206526,205358,206640,-0.57,0.62,0.06,-1168,1282,114
"Rockdale County, Georgia",Rockdale,13247,93644,93961,94984,0.34,1.09,1.43,317,1023,1340
"Schley County, Georgia",Schley,13249,4534,4476,4496,-1.28,0.45,-0.84,-58,20,-38
"Screven County, Georgia",Screven,13251,14078,14055,13977,-0.16,-0.55,-0.72,-23,-78,-101
"Seminole County, Georgia",Seminole,13253,9131,9142,9127,0.12,-0.16,-0.04,11,-15,-4
"Spalding County, Georgia",Spalding,13255,67455,67699,68919,0.36,1.80,2.17,244,1220,1464
"Stephens County, Georgia",Stephens,13257,26820,26765,26767,-0.21,0.01,-0.20,-55,2,-53
"Stewart County, Georgia",Stewart,13259,5304,4914,4648,-7.35,-5.41,-12.37,-390,-266,-656
"Sumter County, Georgia",Sumter,13261,29516,28978,28877,-1.82,-0.35,-2.16,-538,-101,-639
"Talbot County, Georgia",Talbot,13263,5726,5746,5747,0.35,0.02,0.37,20,1,21
"Taliaferro County, Georgia",Taliaferro,13265,1562,1560,1600,-0.13,2.56,2.43,-2,40,38
"Tattnall County, Georgia",Tattnall,13267,24316,24132,24064,-0.76,-0.28,-1.04,-184,-68,-252
"Taylor County, Georgia",Taylor,13269,7819,7754,7737,-0.83,-0.22,-1.05,-65,-17,-82
"Telfair County, Georgia",Telfair,13271,12465,12330,12354,-1.08,0.19,-0.89,-135,24,-111
"Terrell County, Georgia",Terrell,13273,9138,8904,8754,-2.56,-1.68,-4.20,-234,-150,-384
"Thomas County, Georgia",Thomas,13275,45785,45815,45561,0.07,-0.55,-0.49,30,-254,-224
"Tift County, Georgia",Tift,13277,41374,41123,41412,-0.61,0.70,0.09,-251,289,38
"Toombs County, Georgia",Toombs,13279,27081,26873,26837,-0.77,-0.13,-0.90,-208,-36,-244
"Towns County, Georgia",Towns,13281,12545,12867,12972,2.57,0.82,3.40,322,105,427
"Treutlen County, Georgia",Treutlen,13283,6396,6382,6365,-0.22,-0.27,-0.48,-14,-17,-31
"Troup County, Georgia",Troup,13285,69323,69479,70191,0.23,1.02,1.25,156,712,868
"Turner County, Georgia",Turner,13287,8983,8931,8842,-0.58,-1.00,-1.57,-52,-89,-141
"Twiggs County, Georgia",Twiggs,13289,8011,7899,7680,-1.40,-2.77,-4.13,-112,-219,-331
"Union County, Georgia",Union,13291,24798,25560,26388,3.07,3.24,6.41,762,828,1590
"Upson County, Georgia",Upson,13293,27740,27673,28086,-0.24,1.49,1.25,-67,413,346
"Walker County, Georgia",Walker,13295,67742,68405,68915,0.98,0.75,1.73,663,510,1173
"Walton County, Georgia",Walton,13297,97153,99808,103065,2.73,3.26,6.09,2655,3257,5912
"Ware County, Georgia",Ware,13299,36225,35547,35614,-1.87,0.19,-1.69,-678,67,-611
"Warren County, Georgia",Warren,13301,5208,5214,5155,0.12,-1.13,-1.02,6,-59,-53
"Washington County, Georgia",Washington,13303,19948,19766,19738,-0.91,-0.14,-1.05,-182,-28,-210
"Wayne County, Georgia",Wayne,13305,30145,30246,30896,0.34,2.15,2.49,101,650,751
"Webster County, Georgia",Webster,13307,2352,2356,2328,0.17,-1.19,-1.02,4,-28,-24
"Wheeler County, Georgia",Wheeler,13309,7447,7748,7314,4.04,-5.60,-1.79,301,-434,-133
"White County, Georgia",White,13311,28108,28393,28806,1.01,1.45,2.48,285,413,698
"Whitfield County, Georgia",Whitfield,13313,102776,102688,103132,-0.09,0.43,0.35,-88,444,356
"Wilcox County, Georgia",Wilcox,13315,8792,8746,8761,-0.52,0.17,-0.35,-46,15,-31
"Wilkes County, Georgia",Wilkes,13317,9556,9516,9599,-0.42,0.87,0.45,-40,83,43
"Wilkinson County, Georgia",Wilkinson,13319,8824,8791,8681,-0.37,-1.25,-1.62,-33,-110,-143
"Worth County, Georgia",Worth,13321,20738,20557,20424,-0.87,-0.65,-1.51,-181,-133,-314
"Hawaii County, Hawaii",Hawaii,15001,200712,203792,206315,1.53,1.24,2.79,3080,2523,5603
"Honolulu County, Hawaii",Honolulu,15003,1012305,1004673,995638,-0.75,-0.90,-1.65,-7632,-9035,-16667
"Maui County, Hawaii",Maui,15009,164760,164817,164351,0.03,-0.28,-0.25,57,-466,-409
"Ada County, Idaho",Ada,16001,498260,512914,518907,2.94,1.17,4.14,14654,5993,20647
"Adams County, Idaho",Adams,16003,4425,4632,4817,4.68,3.99,8.86,207,185,392
"Bannock County, Idaho",Bannock,16005,87270,88349,89517,1.24,1.32,2.57,1079,1168,2247
"Bear Lake County, Idaho",Bear Lake,16007,6367,6559,6722,3.02,2.49,5.58,192,163,355
"Benewah County, Idaho",Benewah,16009,9576,9941,10370,3.81,4.32,8.29,365,429,794
"Bingham County, Idaho",Bingham,16011,48106,48898,49923,1.65,2.10,3.78,792,1025,1817
"Blaine County, Idaho",Blaine,16013,24342,24767,24866,1.75,0.40,2.15,425,99,524
"Boise County, Idaho",Boise,16015,7662,8121,8333,5.99,2.61,8.76,459,212,671
"Bonner County, Idaho",Bonner,16017,47402,49617,51414,4.67,3.62,8.46,2215,1797,4012
"Bonneville County, Idaho",Bonneville,16019,124716,128045,129496,2.67,1.13,3.83,3329,1451,4780
"Boundary County, Idaho",Boundary,16021,12137,12635,13345,4.10,5.62,9.95,498,710,1208
"Butte County, Idaho",Butte,16023,2583,2650,2684,2.59,1.28,3.91,67,34,101
"Camas County, Idaho",Camas,16025,1083,1129,1153,4.25,2.13,6.46,46,24,70
"Canyon County, Idaho",Canyon,16027,232998,243774,251065,4.62,2.99,7.75,10776,7291,18067
"Caribou County, Idaho",Caribou,16029,7012,7110,7190,1.40,1.13,2.54,98,80,178
"Cassia County, Idaho",Cassia,16031,24760,25249,25655,1.97,1.61,3.61,489,406,895
"Clark County, Idaho",Clark,16033,791,793,806,0.25,1.64,1.90,2,13,15
"Clearwater County, Idaho",Clearwater,16035,8752,8917,9015,1.89,1.10,3.01,165,98,263
"Custer County, Idaho",Custer,16037,4265,4434,4506,3.96,1.62,5.65,169,72,241
"Elmore County, Idaho",Elmore,16039,28669,28941,29403,0.95,1.60,2.56,272,462,734
"Franklin County, Idaho",Franklin,16041,14284,14676,15189,2.74,3.50,6.34,392,513,905
"Fremont County, Idaho",Fremont,16043,13414,13606,13978,1.43,2.73,4.20,192,372,564
"Gem County, Idaho",Gem,16045,19274,19832,20418,2.90,2.95,5.94,558,586,1144
"Gooding County, Idaho",Gooding,16047,15643,15725,15715,0.52,-0.06,0.46,82,-10,72
"Idaho County, Idaho",Idaho,16049,16588,17053,17593,2.80,3.17,6.06,465,540,1005
"Jefferson County, Idaho",Jefferson,16051,31077,32253,33428,3.78,3.64,7.57,1176,1175,2351
"Jerome County, Idaho",Jerome,16053,24268,24745,25311,1.97,2.29,4.30,477,566,1043
"Kootenai County, Idaho",Kootenai,16055,172790,180146,183578,4.26,1.91,6.24,7356,3432,10788
"Latah County, Idaho",Latah,16057,39629,40397,40978,1.94,1.44,3.40,768,581,1349
"Lemhi County, Idaho",Lemhi,16059,7958,8136,8240,2.24,1.28,3.54,178,104,282
"Lewis County, Idaho",Lewis,16061,3528,3709,3763,5.13,1.46,6.66,181,54,235
"Lincoln County, Idaho",Lincoln,16063,5129,5260,5329,2.55,1.31,3.90,131,69,200
"Madison County, Idaho",Madison,16065,52929,54114,54976,2.24,1.59,3.87,1185,862,2047
"Minidoka County, Idaho",Minidoka,16067,21666,21945,22194,1.29,1.13,2.44,279,249,528
"Nez Perce County, Idaho",Nez Perce,16069,42141,42509,43004,0.87,1.16,2.05,368,495,863
"Oneida County, Idaho",Oneida,16071,4562,4588,4712,0.57,2.70,3.29,26,124,150
"Owyhee County, Idaho",Owyhee,16073,11994,12348,12613,2.95,2.15,5.16,354,265,619
"Payette County, Idaho",Payette,16075,25583,26377,26956,3.10,2.20,5.37,794,579,1373
"Power County, Idaho",Power,16077,7877,7959,8068,1.04,1.37,2.42,82,109,191
"Shoshone County, Idaho",Shoshone,16079,13195,13659,14012,3.52,2.58,6.19,464,353,817
"Teton County, Idaho",Teton,16081,11735,12294,12544,4.76,2.03,6.89,559,250,809
"Twin Falls County, Idaho",Twin Falls,16083,90361,92357,93696,2.21,1.45,3.69,1996,1339,3335
"Valley County, Idaho",Valley,16085,11842,12264,12464,3.56,1.63,5.25,422,200,622
"Washington County, Idaho",Washington,16087,10559,10887,11087,3.11,1.84,5.00,328,200,528
"Adams County, Illinois",Adams,17001,65612,65146,64725,-0.71,-0.65,-1.35,-466,-421,-887
"Alexander County, Illinois",Alexander,17003,5173,5032,4858,-2.73,-3.46,-6.09,-141,-174,-315
"Bond County, Illinois",Bond,17005,16688,16633,16566,-0.33,-0.40,-0.73,-55,-67,-122
"Boone County, Illinois",Boone,17007,53334,53199,53154,-0.25,-0.08,-0.34,-135,-45,-180
"Brown County, Illinois",Brown,17009,6233,6443,6330,3.37,-1.75,1.56,210,-113,97
"Bureau County, Illinois",Bureau,17011,33172,32961,32828,-0.64,-0.40,-1.04,-211,-133,-344
"Calhoun County, Illinois",Calhoun,17013,4404,4385,4360,-0.43,-0.57,-1.00,-19,-25,-44
"Carroll County, Illinois",Carroll,17015,15667,15674,15529,0.04,-0.93,-0.88,7,-145,-138
"Cass County, Illinois",Cass,17017,12985,12798,12657,-1.44,-1.10,-2.53,-187,-141,-328
"Champaign County, Illinois",Champaign,17019,205629,206708,206542,0.52,-0.08,0.44,1079,-166,913
"Christian County, Illinois",Christian,17021,33950,33721,33436,-0.67,-0.85,-1.51,-229,-285,-514
"Clark County, Illinois",Clark,17023,15423,15354,15229,-0.45,-0.81,-1.26,-69,-125,-194
"Clay County, Illinois",Clay,17025,13271,13154,13047,-0.88,-0.81,-1.69,-117,-107,-224
"Clinton County, Illinois",Clinton,17027,36913,36886,36909,-0.07,0.06,-0.01,-27,23,-4
"Coles County, Illinois",Coles,17029,46761,46809,46334,0.10,-1.01,-0.91,48,-475,-427
"Cook County, Illinois",Cook,17031,5261249,5177606,5109292,-1.59,-1.32,-2.89,-83643,-68314,-151957
"Crawford County, Illinois",Crawford,17033,18648,18691,18536,0.23,-0.83,-0.60,43,-155,-112
"Cumberland County, Illinois",Cumberland,17035,10429,10343,10324,-0.82,-0.18,-1.01,-86,-19,-105
"DeKalb County, Illinois",DeKalb,17037,100253,100472,100232,0.22,-0.24,-0.02,219,-240,-21
"De Witt County, Illinois",De Witt,17039,15450,15379,15310,-0.46,-0.45,-0.91,-71,-69,-140
"Douglas County, Illinois",Douglas,17041,19758,19740,19755,-0.09,0.08,-0.02,-18,15,-3
"DuPage County, Illinois",DuPage,17043,931244,926448,920901,-0.52,-0.60,-1.11,-4796,-5547,-10343
"Edgar County, Illinois",Edgar,17045,16796,16589,16433,-1.23,-0.94,-2.16,-207,-156,-363
"Edwards County, Illinois",Edwards,17047,6208,6086,6071,-1.97,-0.25,-2.21,-122,-15,-137
"Effingham County, Illinois",Effingham,17049,34695,34531,34325,-0.47,-0.60,-1.07,-164,-206,-370
"Fayette County, Illinois",Fayette,17051,21483,21447,21305,-0.17,-0.66,-0.83,-36,-142,-178
"Ford County, Illinois",Ford,17053,13517,13491,13249,-0.19,-1.79,-1.98,-26,-242,-268
"Franklin County, Illinois",Franklin,17055,37685,37498,37242,-0.50,-0.68,-1.18,-187,-256,-443
"Fulton County, Illinois",Fulton,17057,33488,33313,33021,-0.52,-0.88,-1.39,-175,-292,-467
"Gallatin County, Illinois",Gallatin,17059,4938,4907,4855,-0.63,-1.06,-1.68,-31,-52,-83
"Greene County, Illinois",Greene,17061,11936,11851,11651,-0.71,-1.69,-2.39,-85,-200,-285
"Grundy County, Illinois",Grundy,17063,52517,52929,53041,0.78,0.21,1.00,412,112,524
"Hamilton County, Illinois",Hamilton,17065,7997,7923,7984,-0.93,0.77,-0.16,-74,61,-13
"Hancock County, Illinois",Hancock,17067,17547,17388,17244,-0.91,-0.83,-1.73,-159,-144,-303
"Hardin County, Illinois",Hardin,17069,3641,3650,3597,0.25,-1.45,-1.21,9,-53,-44
"Henderson County, Illinois",Henderson,17071,6334,6304,6151,-0.47,-2.43,-2.89,-30,-153,-183
"Henry County, Illinois",Henry,17073,49172,48868,48419,-0.62,-0.92,-1.53,-304,-449,-753
"Iroquois County, Illinois",Iroquois,17075,26977,26761,26473,-0.80,-1.08,-1.87,-216,-288,-504
"Jackson County, Illinois",Jackson,17077,52906,52666,52617,-0.45,-0.09,-0.55,-240,-49,-289
"Jasper County, Illinois",Jasper,17079,9240,9204,9212,-0.39,0.09,-0.30,-36,8,-28
"Jefferson County, Illinois",Jefferson,17081,36998,36882,36400,-0.31,-1.31,-1.62,-116,-482,-598
"Jersey County, Illinois",Jersey,17083,21495,21370,21246,-0.58,-0.58,-1.16,-125,-124,-249
"Jo Daviess County, Illinois",Jo Daviess,17085,22057,21932,21758,-0.57,-0.79,-1.36,-125,-174,-299
"Johnson County, Illinois",Johnson,17087,13322,13471,13381,1.12,-0.67,0.44,149,-90,59
"Kane County, Illinois",Kane,17089,516141,516183,514182,0.01,-0.39,-0.38,42,-2001,-1959
"Kankakee County, Illinois",Kankakee,17091,107250,106652,106074,-0.56,-0.54,-1.10,-598,-578,-1176
"Kendall County, Illinois",Kendall,17093,132348,134948,137254,1.96,1.71,3.71,2600,2306,4906
"Knox County, Illinois",Knox,17095,49799,49347,48640,-0.91,-1.43,-2.33,-452,-707,-1159
"Lake County, Illinois",Lake,17097,713251,712160,709150,-0.15,-0.42,-0.57,-1091,-3010,-4101
"LaSalle County, Illinois",La Salle,17099,109421,109139,108078,-0.26,-0.97,-1.23,-282,-1061,-1343
"Lawrence County, Illinois",Lawrence,17101,15258,15216,14914,-0.28,-1.98,-2.25,-42,-302,-344
"Lee County, Illinois",Lee,17103,34051,34166,33848,0.34,-0.93,-0.60,115,-318,-203
"Livingston County, Illinois",Livingston,17105,35779,35741,35521,-0.11,-0.62,-0.72,-38,-220,-258
"Logan County, Illinois",Logan,17107,27899,27970,27591,0.25,-1.36,-1.10,71,-379,-308
"McDonough County, Illinois",McDonough,17109,27097,26848,26861,-0.92,0.05,-0.87,-249,13,-236
"McHenry County, Illinois",McHenry,17111,309886,311592,311747,0.55,0.05,0.60,1706,155,1861
"McLean County, Illinois",McLean,17113,170954,171190,171141,0.14,-0.03,0.11,236,-49,187
"Macon County, Illinois",Macon,17115,103756,102649,101483,-1.07,-1.14,-2.19,-1107,-1166,-2273
"Macoupin County, Illinois",Macoupin,17117,44845,44545,44245,-0.67,-0.67,-1.34,-300,-300,-600
"Madison County, Illinois",Madison,17119,265610,264898,263864,-0.27,-0.39,-0.66,-712,-1034,-1746
"Marion County, Illinois",Marion,17121,37639,37378,36914,-0.69,-1.24,-1.93,-261,-464,-725
"Marshall County, Illinois",Marshall,17123,11706,11686,11678,-0.17,-0.07,-0.24,-20,-8,-28
"Mason County, Illinois",Mason,17125,13057,12859,12748,-1.52,-0.86,-2.37,-198,-111,-309
"Massac County, Illinois",Massac,17127,14138,13966,13896,-1.22,-0.50,-1.71,-172,-70,-242
"Menard County, Illinois",Menard,17129,12271,12184,12121,-0.71,-0.52,-1.22,-87,-63,-150
"Mercer County, Illinois",Mercer,17131,15627,15568,15504,-0.38,-0.41,-0.79,-59,-64,-123
"Monroe County, Illinois",Monroe,17133,34952,34993,35033,0.12,0.11,0.23,41,40,81
"Montgomery County, Illinois",Montgomery,17135,28203,28154,28020,-0.17,-0.48,-0.65,-49,-134,-183
"Morgan County, Illinois",Morgan,17137,32838,32599,32209,-0.73,-1.20,-1.92,-239,-390,-629
"Moultrie County, Illinois",Moultrie,17139,14476,14509,14323,0.23,-1.28,-1.06,33,-186,-153
"Ogle County, Illinois",Ogle,17141,51694,51474,51351,-0.43,-0.24,-0.66,-220,-123,-343
"Peoria County, Illinois",Peoria,17143,181322,179764,178383,-0.86,-0.77,-1.62,-1558,-1381,-2939
"Perry County, Illinois",Perry,17145,20882,21033,20588,0.72,-2.12,-1.41,151,-445,-294
"Piatt County, Illinois",Piatt,17147,16674,16781,16723,0.64,-0.35,0.29,107,-58,49
"Pike County, Illinois",Pike,17149,14641,14609,14484,-0.22,-0.86,-1.07,-32,-125,-157
"Pope County, Illinois",Pope,17151,3758,3770,3770,0.32,0.00,0.32,12,0,12
"Pulaski County, Illinois",Pulaski,17153,5160,5073,4991,-1.69,-1.62,-3.28,-87,-82,-169
"Putnam County, Illinois",Putnam,17155,5631,5596,5572,-0.62,-0.43,-1.05,-35,-24,-59
"Randolph County, Illinois",Randolph,17157,30086,30219,30068,0.44,-0.50,-0.06,133,-151,-18
"Richland County, Illinois",Richland,17159,15778,15685,15435,-0.59,-1.59,-2.17,-93,-250,-343
"Rock Island County, Illinois",Rock Island,17161,144359,142992,141527,-0.95,-1.02,-1.96,-1367,-1465,-2832
"St. Clair County, Illinois",St. Clair,17163,256823,255022,252671,-0.70,-0.92,-1.62,-1801,-2351,-4152
"Saline County, Illinois",Saline,17165,23688,23348,23087,-1.44,-1.12,-2.54,-340,-261,-601
"Sangamon County, Illinois",Sangamon,17167,196122,195422,194534,-0.36,-0.45,-0.81,-700,-888,-1588
"Schuyler County, Illinois",Schuyler,17169,6871,6822,6746,-0.71,-1.11,-1.82,-49,-76,-125
"Scott County, Illinois",Scott,17171,4941,4855,4790,-1.74,-1.34,-3.06,-86,-65,-151
"Shelby County, Illinois",Shelby,17173,20924,20861,20761,-0.30,-0.48,-0.78,-63,-100,-163
"Stark County, Illinois",Stark,17175,5391,5296,5345,-1.76,0.93,-0.85,-95,49,-46
"Stephenson County, Illinois",Stephenson,17177,44493,44071,43627,-0.95,-1.01,-1.95,-422,-444,-866
"Tazewell County, Illinois",Tazewell,17179,131073,130563,129911,-0.39,-0.50,-0.89,-510,-652,-1162
"Union County, Illinois",Union,17181,17182,16937,16767,-1.43,-1.00,-2.42,-245,-170,-415
"Vermilion County, Illinois",Vermilion,17183,74001,73263,72337,-1.00,-1.26,-2.25,-738,-926,-1664
"Wabash County, Illinois",Wabash,17185,11315,11210,11087,-0.93,-1.10,-2.02,-105,-123,-228
"Warren County, Illinois",Warren,17187,16828,16595,16354,-1.38,-1.45,-2.82,-233,-241,-474
"Washington County, Illinois",Washington,17189,13731,13651,13643,-0.58,-0.06,-0.64,-80,-8,-88
"Wayne County, Illinois",Wayne,17191,16125,15967,15872,-0.98,-0.59,-1.57,-158,-95,-253
"White County, Illinois",White,17193,13807,13768,13614,-0.28,-1.12,-1.40,-39,-154,-193
"Whiteside County, Illinois",Whiteside,17195,55553,55342,54658,-0.38,-1.24,-1.61,-211,-684,-895
"Will County, Illinois",Will,17197,695844,697985,696757,0.31,-0.18,0.13,2141,-1228,913
"Williamson County, Illinois",Williamson,17199,67113,66943,66695,-0.25,-0.37,-0.62,-170,-248,-418
"Winnebago County, Illinois",Winnebago,17201,284928,283559,282188,-0.48,-0.48,-0.96,-1369,-1371,-2740
"Woodford County, Illinois",Woodford,17203,38395,38210,38128,-0.48,-0.21,-0.70,-185,-82,-267
"Adams County, Indiana",Adams,18001,35852,35939,36068,0.24,0.36,0.60,87,129,216
"Allen County, Indiana",Allen,18003,386082,389112,391449,0.78,0.60,1.39,3030,2337,5367
"Bartholomew County, Indiana",Bartholomew,18005,82216,82730,83540,0.63,0.98,1.61,514,810,1324
"Benton County, Indiana",Benton,18007,8716,8714,8719,-0.02,0.06,0.03,-2,5,3
"Blackford County, Indiana",Blackford,18009,12111,12056,11919,-0.45,-1.14,-1.59,-55,-137,-192
"Boone County, Indiana",Boone,18011,71134,73006,74164,2.63,1.59,4.26,1872,1158,3030
"Brown County, Indiana",Brown,18013,15482,15573,15570,0.59,-0.02,0.57,91,-3,88
"Carroll County, Indiana",Carroll,18015,20331,20502,20555,0.84,0.26,1.10,171,53,224
"Cass County, Indiana",Cass,18017,37791,37579,37540,-0.56,-0.10,-0.66,-212,-39,-251
"Clark County, Indiana",Clark,18019,121353,122847,124237,1.23,1.13,2.38,1494,1390,2884
"Clay County, Indiana",Clay,18021,26419,26370,26379,-0.19,0.03,-0.15,-49,9,-40
"Clinton County, Indiana",Clinton,18023,33174,33025,32843,-0.45,-0.55,-1.00,-149,-182,-331
"Crawford County, Indiana",Crawford,18025,10525,10491,10536,-0.32,0.43,0.10,-34,45,11
"Daviess County, Indiana",Daviess,18027,33366,33381,33418,0.04,0.11,0.16,15,37,52
"Dearborn County, Indiana",Dearborn,18029,50754,50946,51138,0.38,0.38,0.76,192,192,384
"Decatur County, Indiana",Decatur,18031,26465,26322,26416,-0.54,0.36,-0.19,-143,94,-49
"DeKalb County, Indiana",DeKalb,18033,43297,43369,43731,0.17,0.83,1.00,72,362,434
"Delaware County, Indiana",Delaware,18035,111763,111981,112031,0.20,0.04,0.24,218,50,268
"Dubois County, Indiana",Dubois,18037,43643,43625,43632,-0.04,0.02,-0.03,-18,7,-11
"Elkhart County, Indiana",Elkhart,18039,206983,207066,206890,0.04,-0.08,-0.04,83,-176,-93
"Fayette County, Indiana",Fayette,18041,23362,23376,23349,0.06,-0.12,-0.06,14,-27,-13
"Floyd County, Indiana",Floyd,18043,80509,80606,80714,0.12,0.13,0.25,97,108,205
"Fountain County, Indiana",Fountain,18045,16483,16466,16574,-0.10,0.66,0.55,-17,108,91
"Franklin County, Indiana",Franklin,18047,22793,22857,23028,0.28,0.75,1.03,64,171,235
"Fulton County, Indiana",Fulton,18049,20469,20380,20327,-0.43,-0.26,-0.69,-89,-53,-142
"Gibson County, Indiana",Gibson,18051,33055,32954,32993,-0.31,0.12,-0.19,-101,39,-62
"Grant County, Indiana",Grant,18053,66475,66203,66022,-0.41,-0.27,-0.68,-272,-181,-453
"Greene County, Indiana",Greene,18055,30804,30826,31006,0.07,0.58,0.66,22,180,202
"Hamilton County, Indiana",Hamilton,18057,348966,357330,364921,2.40,2.12,4.57,8364,7591,15955
"Hancock County, Indiana",Hancock,18059,80187,81855,83070,2.08,1.48,3.60,1668,1215,2883
"Harrison County, Indiana",Harrison,18061,39662,39817,39851,0.39,0.09,0.48,155,34,189
"Hendricks County, Indiana",Hendricks,18063,175575,179555,182534,2.27,1.66,3.96,3980,2979,6959
"Henry County, Indiana",Henry,18065,48903,49036,48915,0.27,-0.25,0.02,133,-121,12
"Howard County, Indiana",Howard,18067,83588,83642,83574,0.06,-0.08,-0.02,54,-68,-14
"Huntington County, Indiana",Huntington,18069,36646,36792,36834,0.40,0.11,0.51,146,42,188
"Jackson County, Indiana",Jackson,18071,46461,46285,46300,-0.38,0.03,-0.35,-176,15,-161
"Jasper County, Indiana",Jasper,18073,32892,33113,33281,0.67,0.51,1.18,221,168,389
"Jay County, Indiana",Jay,18075,20476,20309,20198,-0.82,-0.55,-1.36,-167,-111,-278
"Jefferson County, Indiana",Jefferson,18077,33100,33119,32946,0.06,-0.52,-0.47,19,-173,-154
"Jennings County, Indiana",Jennings,18079,27581,27507,27536,-0.27,0.11,-0.16,-74,29,-45
"Johnson County, Indiana",Johnson,18081,162224,164418,165782,1.35,0.83,2.19,2194,1364,3558
"Knox County, Indiana",Knox,18083,36248,35964,35789,-0.78,-0.49,-1.27,-284,-175,-459
"Kosciusko County, Indiana",Kosciusko,18085,80155,80323,80826,0.21,0.63,0.84,168,503,671
"LaGrange County, Indiana",LaGrange,18087,40530,40538,40866,0.02,0.81,0.83,8,328,336
"Lake County, Indiana",Lake,18089,498932,499327,499689,0.08,0.07,0.15,395,362,757
"LaPorte County, Indiana",LaPorte,18091,112276,112486,111675,0.19,-0.72,-0.54,210,-811,-601
"Lawrence County, Indiana",Lawrence,18093,45012,45045,45222,0.07,0.39,0.47,33,177,210
"Madison County, Indiana",Madison,18095,130195,130979,131744,0.60,0.58,1.19,784,765,1549
"Marion County, Indiana",Marion,18097,976631,971647,969466,-0.51,-0.22,-0.73,-4984,-2181,-7165
"Marshall County, Indiana",Marshall,18099,46076,46175,46332,0.21,0.34,0.56,99,157,256
"Martin County, Indiana",Martin,18101,9803,9799,9803,-0.04,0.04,0.00,-4,4,0
"Miami County, Indiana",Miami,18103,35913,36032,35674,0.33,-0.99,-0.67,119,-358,-239
"Monroe County, Indiana",Monroe,18105,139571,140135,139745,0.40,-0.28,0.12,564,-390,174
"Montgomery County, Indiana",Montgomery,18107,37942,38061,38273,0.31,0.56,0.87,119,212,331
"Morgan County, Indiana",Morgan,18109,71848,72260,72236,0.57,-0.03,0.54,412,-24,388
"Newton County, Indiana",Newton,18111,13786,13793,13823,0.05,0.22,0.27,7,30,37
"Noble County, Indiana",Noble,18113,47453,47419,47367,-0.07,-0.11,-0.18,-34,-52,-86
"Ohio County, Indiana",Ohio,18115,5922,5992,6114,1.18,2.04,3.24,70,122,192
"Orange County, Indiana",Orange,18117,19848,19812,19623,-0.18,-0.95,-1.13,-36,-189,-225
"Owen County, Indiana",Owen,18119,21314,21432,21482,0.55,0.23,0.79,118,50,168
"Parke County, Indiana",Parke,18121,16155,16486,16369,2.05,-0.71,1.32,331,-117,214
"Perry County, Indiana",Perry,18123,19151,19317,19183,0.87,-0.69,0.17,166,-134,32
"Pike County, Indiana",Pike,18125,12247,12178,12168,-0.56,-0.08,-0.65,-69,-10,-79
"Porter County, Indiana",Porter,18127,173295,174517,174791,0.71,0.16,0.86,1222,274,1496
"Posey County, Indiana",Posey,18129,25173,25129,25063,-0.17,-0.26,-0.44,-44,-66,-110
"Pulaski County, Indiana",Pulaski,18131,12523,12370,12485,-1.22,0.93,-0.30,-153,115,-38
"Putnam County, Indiana",Putnam,18133,36679,37016,37301,0.92,0.77,1.70,337,285,622
"Randolph County, Indiana",Randolph,18135,24409,24437,24437,0.11,0.00,0.11,28,0,28
"Ripley County, Indiana",Ripley,18137,28968,29017,29087,0.17,0.24,0.41,49,70,119
"Rush County, Indiana",Rush,18139,16767,16699,16673,-0.41,-0.16,-0.56,-68,-26,-94
"St. Joseph County, Indiana",St. Joseph,18141,272672,272341,272234,-0.12,-0.04,-0.16,-331,-107,-438
"Scott County, Indiana",Scott,18143,24371,24437,24588,0.27,0.62,0.89,66,151,217
"Shelby County, Indiana",Shelby,18145,45058,45025,44991,-0.07,-0.08,-0.15,-33,-34,-67
"Spencer County, Indiana",Spencer,18147,19835,19875,19967,0.20,0.46,0.67,40,92,132
"Starke County, Indiana",Starke,18149,23380,23378,23258,-0.01,-0.51,-0.52,-2,-120,-122
"Steuben County, Indiana",Steuben,18151,34453,34666,34725,0.62,0.17,0.79,213,59,272
"Sullivan County, Indiana",Sullivan,18153,20819,20781,20670,-0.18,-0.53,-0.72,-38,-111,-149
"Switzerland County, Indiana",Switzerland,18155,9742,9849,10006,1.10,1.59,2.71,107,157,264
"Tippecanoe County, Indiana",Tippecanoe,18157,186369,187566,188717,0.64,0.61,1.26,1197,1151,2348
"Tipton County, Indiana",Tipton,18159,15386,15393,15361,0.05,-0.21,-0.16,7,-32,-25
"Union County, Indiana",Union,18161,7081,7014,6952,-0.95,-0.88,-1.82,-67,-62,-129
"Vanderburgh County, Indiana",Vanderburgh,18163,180331,180267,179744,-0.04,-0.29,-0.33,-64,-523,-587
"Vermillion County, Indiana",Vermillion,18165,15409,15440,15451,0.20,0.07,0.27,31,11,42
"Vigo County, Indiana",Vigo,18167,106119,106084,106006,-0.03,-0.07,-0.11,-35,-78,-113
"Wabash County, Indiana",Wabash,18169,30936,30897,30828,-0.13,-0.22,-0.35,-39,-69,-108
"Warren County, Indiana",Warren,18171,8424,8459,8461,0.42,0.02,0.44,35,2,37
"Warrick County, Indiana",Warrick,18173,63996,64623,65185,0.98,0.87,1.86,627,562,1189
"Washington County, Indiana",Washington,18175,28242,28151,28224,-0.32,0.26,-0.06,-91,73,-18
"Wayne County, Indiana",Wayne,18177,66513,66490,66273,-0.03,-0.33,-0.36,-23,-217,-240
"Wells County, Indiana",Wells,18179,28167,28177,28335,0.04,0.56,0.60,10,158,168
"White County, Indiana",White,18181,24668,24662,24598,-0.02,-0.26,-0.28,-6,-64,-70
"Whitley County, Indiana",Whitley,18183,34338,34492,34627,0.45,0.39,0.84,154,135,289
"Adair County, Iowa",Adair,19001,7494,7538,7494,0.59,-0.58,0.00,44,-44,0
"Adams County, Iowa",Adams,19003,3710,3642,3611,-1.83,-0.85,-2.67,-68,-31,-99
"Allamakee County, Iowa",Allamakee,19005,14068,13968,13960,-0.71,-0.06,-0.77,-100,-8,-108
"Appanoose County, Iowa",Appanoose,19007,12285,12266,12094,-0.15,-1.40,-1.55,-19,-172,-191
"Audubon County, Iowa",Audubon,19009,5681,5665,5598,-0.28,-1.18,-1.46,-16,-67,-83
"Benton County, Iowa",Benton,19011,25534,25719,25711,0.72,-0.03,0.69,185,-8,177
"Black Hawk County, Iowa",Black Hawk,19013,131034,130606,130274,-0.33,-0.25,-0.58,-428,-332,-760
"Boone County, Iowa",Boone,19015,26700,26776,26609,0.28,-0.62,-0.34,76,-167,-91
"Bremer County, Iowa",Bremer,19017,25003,25122,25259,0.48,0.55,1.02,119,137,256
"Buchanan County, Iowa",Buchanan,19019,20606,20697,20714,0.44,0.08,0.52,91,17,108
"Buena Vista County, Iowa",Buena Vista,19021,20809,20767,20600,-0.20,-0.80,-1.00,-42,-167,-209
"Butler County, Iowa",Butler,19023,14332,14362,14269,0.21,-0.65,-0.44,30,-93,-63
"Calhoun County, Iowa",Calhoun,19025,9882,9884,9725,0.02,-1.61,-1.59,2,-159,-157
"Carroll County, Iowa",Carroll,19027,20721,20752,20567,0.15,-0.89,-0.74,31,-185,-154
"Cass County, Iowa",Cass,19029,13118,13065,13104,-0.40,0.30,-0.11,-53,39,-14
"Cedar County, Iowa",Cedar,19031,18491,18444,18399,-0.25,-0.24,-0.50,-47,-45,-92
"Cerro Gordo County, Iowa",Cerro Gordo,19033,43023,42761,42409,-0.61,-0.82,-1.43,-262,-352,-614
"Cherokee County, Iowa",Cherokee,19035,11663,11532,11491,-1.12,-0.36,-1.47,-131,-41,-172
"Chickasaw County, Iowa",Chickasaw,19037,11990,11899,11716,-0.76,-1.54,-2.29,-91,-183,-274
"Clarke County, Iowa",Clarke,19039,9726,9756,9692,0.31,-0.66,-0.35,30,-64,-34
"Clay County, Iowa",Clay,19041,16335,16428,16475,0.57,0.29,0.86,93,47,140
"Clayton County, Iowa",Clayton,19043,17030,17047,17027,0.10,-0.12,-0.02,17,-20,-3
"Clinton County, Iowa",Clinton,19045,46432,46526,46344,0.20,-0.39,-0.19,94,-182,-88
"Crawford County, Iowa",Crawford,19047,16490,16243,16123,-1.50,-0.74,-2.23,-247,-120,-367
"Dallas County, Iowa",Dallas,19049,100473,104069,108016,3.58,3.79,7.51,3596,3947,7543
"Davis County, Iowa",Davis,19051,9112,9146,9130,0.37,-0.17,0.20,34,-16,18
"Decatur County, Iowa",Decatur,19053,7605,7660,7683,0.72,0.30,1.03,55,23,78
"Delaware County, Iowa",Delaware,19055,17456,17531,17568,0.43,0.21,0.64,75,37,112
"Des Moines County, Iowa",Des Moines,19057,38816,38507,38293,-0.80,-0.56,-1.35,-309,-214,-523
"Dickinson County, Iowa",Dickinson,19059,17766,17852,18028,0.48,0.99,1.47,86,176,262
"Dubuque County, Iowa",Dubuque,19061,99291,98815,98677,-0.48,-0.14,-0.62,-476,-138,-614
"Emmet County, Iowa",Emmet,19063,9335,9318,9176,-0.18,-1.52,-1.70,-17,-142,-159
"Fayette County, Iowa",Fayette,19065,19445,19309,19294,-0.70,-0.08,-0.78,-136,-15,-151
"Floyd County, Iowa",Floyd,19067,15590,15449,15337,-0.90,-0.72,-1.62,-141,-112,-253
"Franklin County, Iowa",Franklin,19069,9997,9952,9916,-0.45,-0.36,-0.81,-45,-36,-81
"Fremont County, Iowa",Fremont,19071,6567,6575,6464,0.12,-1.69,-1.57,8,-111,-103
"Greene County, Iowa",Greene,19073,8752,8733,8741,-0.22,0.09,-0.13,-19,8,-11
"Grundy County, Iowa",Grundy,19075,12334,12371,12356,0.30,-0.12,0.18,37,-15,22
"Guthrie County, Iowa",Guthrie,19077,10613,10586,10647,-0.25,0.58,0.32,-27,61,34
"Hamilton County, Iowa",Hamilton,19079,15008,14883,14820,-0.83,-0.42,-1.25,-125,-63,-188
"Hancock County, Iowa",Hancock,19081,10757,10685,10685,-0.67,0.00,-0.67,-72,0,-72
"Hardin County, Iowa",Hardin,19083,16820,16719,16567,-0.60,-0.91,-1.50,-101,-152,-253
"Harrison County, Iowa",Harrison,19085,14564,14683,14658,0.82,-0.17,0.65,119,-25,94
"Henry County, Iowa",Henry,19087,20451,20390,20196,-0.30,-0.95,-1.25,-61,-194,-255
"Howard County, Iowa",Howard,19089,9492,9500,9533,0.08,0.35,0.43,8,33,41
"Humboldt County, Iowa",Humboldt,19091,9595,9637,9572,0.44,-0.67,-0.24,42,-65,-23
"Ida County, Iowa",Ida,19093,7019,6974,6888,-0.64,-1.23,-1.87,-45,-86,-131
"Iowa County, Iowa",Iowa,19095,16654,16574,16475,-0.48,-0.60,-1.07,-80,-99,-179
"Jackson County, Iowa",Jackson,19097,19452,19397,19324,-0.28,-0.38,-0.66,-55,-73,-128
"Jasper County, Iowa",Jasper,19099,37810,37874,37938,0.17,0.17,0.34,64,64,128
"Jefferson County, Iowa",Jefferson,19101,15693,15762,15698,0.44,-0.41,0.03,69,-64,5
"Johnson County, Iowa",Johnson,19103,153042,155016,156420,1.29,0.91,2.21,1974,1404,3378
"Jones County, Iowa",Jones,19105,20653,20839,20848,0.90,0.04,0.94,186,9,195
"Keokuk County, Iowa",Keokuk,19107,10012,9924,9904,-0.88,-0.20,-1.08,-88,-20,-108
"Kossuth County, Iowa",Kossuth,19109,14794,14524,14475,-1.83,-0.34,-2.16,-270,-49,-319
"Lee County, Iowa",Lee,19111,33520,33208,32840,-0.93,-1.11,-2.03,-312,-368,-680
"Linn County, Iowa",Linn,19113,230411,229458,229033,-0.41,-0.19,-0.60,-953,-425,-1378
"Louisa County, Iowa",Louisa,19115,10821,10747,10677,-0.68,-0.65,-1.33,-74,-70,-144
"Lucas County, Iowa",Lucas,19117,8620,8696,8689,0.88,-0.08,0.80,76,-7,69
"Lyon County, Iowa",Lyon,19119,11927,12061,12179,1.12,0.98,2.11,134,118,252
"Madison County, Iowa",Madison,19121,16628,16789,17036,0.97,1.47,2.45,161,247,408
"Mahaska County, Iowa",Mahaska,19123,22147,21944,21946,-0.92,0.01,-0.91,-203,2,-201
"Marion County, Iowa",Marion,19125,33408,33444,33642,0.11,0.59,0.70,36,198,234
"Marshall County, Iowa",Marshall,19127,40093,39899,39879,-0.48,-0.05,-0.53,-194,-20,-214
"Mills County, Iowa",Mills,19129,14399,14464,14553,0.45,0.62,1.07,65,89,154
"Mitchell County, Iowa",Mitchell,19131,10588,10563,10532,-0.24,-0.29,-0.53,-25,-31,-56
"Monona County, Iowa",Monona,19133,8746,8595,8486,-1.73,-1.27,-2.97,-151,-109,-260
"Monroe County, Iowa",Monroe,19135,7597,7595,7550,-0.03,-0.59,-0.62,-2,-45,-47
"Montgomery County, Iowa",Montgomery,19137,10330,10325,10205,-0.05,-1.16,-1.21,-5,-120,-125
"Muscatine County, Iowa",Muscatine,19139,43141,42688,42377,-1.05,-0.73,-1.77,-453,-311,-764
"O'Brien County, Iowa",O'Brien,19141,14154,14062,14060,-0.65,-0.01,-0.66,-92,-2,-94
"Osceola County, Iowa",Osceola,19143,6202,6163,6036,-0.63,-2.06,-2.68,-39,-127,-166
"Page County, Iowa",Page,19145,15196,15215,15143,0.13,-0.47,-0.35,19,-72,-53
"Palo Alto County, Iowa",Palo Alto,19147,8989,8909,8764,-0.89,-1.63,-2.50,-80,-145,-225
"Plymouth County, Iowa",Plymouth,19149,25689,25714,25681,0.10,-0.13,-0.03,25,-33,-8
"Pocahontas County, Iowa",Pocahontas,19151,7067,7057,7053,-0.14,-0.06,-0.20,-10,-4,-14
"Polk County, Iowa",Polk,19153,492997,497675,501089,0.95,0.69,1.64,4678,3414,8092
"Pottawattamie County, Iowa",Pottawattamie,19155,93670,93434,93173,-0.25,-0.28,-0.53,-236,-261,-497
"Poweshiek County, Iowa",Poweshiek,19157,18628,18603,18467,-0.13,-0.73,-0.86,-25,-136,-161
"Ringgold County, Iowa",Ringgold,19159,4642,4626,4670,-0.34,0.95,0.60,-16,44,28
"Sac County, Iowa",Sac,19161,9794,9745,9673,-0.50,-0.74,-1.24,-49,-72,-121
"Scott County, Iowa",Scott,19163,174596,174278,173924,-0.18,-0.20,-0.38,-318,-354,-672
"Shelby County, Iowa",Shelby,19165,11723,11773,11645,0.43,-1.09,-0.67,50,-128,-78
"Sioux County, Iowa",Sioux,19167,35887,35991,36050,0.29,0.16,0.45,104,59,163
"Story County, Iowa",Story,19169,98645,99666,99673,1.04,0.01,1.04,1021,7,1028
"Tama County, Iowa",Tama,19171,17077,16874,16903,-1.19,0.17,-1.02,-203,29,-174
"Taylor County, Iowa",Taylor,19173,5865,5873,5858,0.14,-0.26,-0.12,8,-15,-7
"Union County, Iowa",Union,19175,12132,12036,11887,-0.79,-1.24,-2.02,-96,-149,-245
"Van Buren County, Iowa",Van Buren,19177,7217,7261,7256,0.61,-0.07,0.54,44,-5,39
"Wapello County, Iowa",Wapello,19179,35330,35283,35043,-0.13,-0.68,-0.81,-47,-240,-287
"Warren County, Iowa",Warren,19181,52588,53487,54327,1.71,1.57,3.31,899,840,1739
"Washington County, Iowa",Washington,19183,22540,22494,22571,-0.20,0.34,0.14,-46,77,31
"Wayne County, Iowa",Wayne,19185,6504,6511,6467,0.11,-0.68,-0.57,7,-44,-37
"Webster County, Iowa",Webster,19187,36985,37178,36626,0.52,-1.48,-0.97,193,-552,-359
"Winnebago County, Iowa",Winnebago,19189,10662,10664,10617,0.02,-0.44,-0.42,2,-47,-45
"Winneshiek County, Iowa",Winneshiek,19191,20037,19915,19974,-0.61,0.30,-0.31,-122,59,-63
"Woodbury County, Iowa",Woodbury,19193,105904,105816,105671,-0.08,-0.14,-0.22,-88,-145,-233
"Worth County, Iowa",Worth,19195,7435,7380,7319,-0.74,-0.83,-1.56,-55,-61,-116
"Wright County, Iowa",Wright,19197,12915,12811,12681,-0.81,-1.01,-1.81,-104,-130,-234
"Allen County, Kansas",Allen,20001,12532,12526,12579,-0.05,0.42,0.38,-6,53,47
"Anderson County, Kansas",Anderson,20003,7843,7800,7776,-0.55,-0.31,-0.85,-43,-24,-67
"Atchison County, Kansas",Atchison,20005,16318,16257,16108,-0.37,-0.92,-1.29,-61,-149,-210
"Barber County, Kansas",Barber,20007,4203,4099,4122,-2.47,0.56,-1.93,-104,23,-81
"Barton County, Kansas",Barton,20009,25419,25239,25080,-0.71,-0.63,-1.33,-180,-159,-339
"Bourbon County, Kansas",Bourbon,20011,14333,14336,14493,0.02,1.10,1.12,3,157,160
"Brown County, Kansas",Brown,20013,9482,9453,9364,-0.31,-0.94,-1.24,-29,-89,-118
"Butler County, Kansas",Butler,20015,67390,67958,68240,0.84,0.41,1.26,568,282,850
"Chase County, Kansas",Chase,20017,2574,2598,2548,0.93,-1.92,-1.01,24,-50,-26
"Chautauqua County, Kansas",Chautauqua,20019,3385,3391,3415,0.18,0.71,0.89,6,24,30
"Cherokee County, Kansas",Cherokee,20021,19297,19208,19088,-0.46,-0.62,-1.08,-89,-120,-209
"Cheyenne County, Kansas",Cheyenne,20023,2615,2624,2583,0.34,-1.56,-1.22,9,-41,-32
"Clark County, Kansas",Clark,20025,1974,1958,1933,-0.81,-1.28,-2.08,-16,-25,-41
"Clay County, Kansas",Clay,20027,8122,8091,8043,-0.38,-0.59,-0.97,-31,-48,-79
"Cloud County, Kansas",Cloud,20029,9008,8954,8946,-0.60,-0.09,-0.69,-54,-8,-62
"Coffey County, Kansas",Coffey,20031,8356,8343,8280,-0.16,-0.76,-0.91,-13,-63,-76
"Comanche County, Kansas",Comanche,20033,1680,1660,1681,-1.19,1.27,0.06,-20,21,1
"Cowley County, Kansas",Cowley,20035,34524,34652,34453,0.37,-0.57,-0.21,128,-199,-71
"Crawford County, Kansas",Crawford,20037,38951,39033,39078,0.21,0.12,0.33,82,45,127
"Decatur County, Kansas",Decatur,20039,2765,2764,2689,-0.04,-2.71,-2.75,-1,-75,-76
"Dickinson County, Kansas",Dickinson,20041,18368,18483,18430,0.63,-0.29,0.34,115,-53,62
"Doniphan County, Kansas",Doniphan,20043,7463,7442,7440,-0.28,-0.03,-0.31,-21,-2,-23
"Douglas County, Kansas",Douglas,20045,118777,119480,119964,0.59,0.41,1.00,703,484,1187
"Edwards County, Kansas",Edwards,20047,2883,2800,2739,-2.88,-2.18,-4.99,-83,-61,-144
"Elk County, Kansas",Elk,20049,2474,2431,2441,-1.74,0.41,-1.33,-43,10,-33
"Ellis County, Kansas",Ellis,20051,28943,28897,28941,-0.16,0.15,-0.01,-46,44,-2
"Ellsworth County, Kansas",Ellsworth,20053,6369,6320,6355,-0.77,0.55,-0.22,-49,35,-14
"Finney County, Kansas",Finney,20055,38302,38066,37650,-0.62,-1.09,-1.70,-236,-416,-652
"Ford County, Kansas",Ford,20057,34208,34121,33848,-0.25,-0.80,-1.05,-87,-273,-360
"Franklin County, Kansas",Franklin,20059,26008,26021,25992,0.05,-0.11,-0.06,13,-29,-16
"Geary County, Kansas",Geary,20061,36751,36112,35691,-1.74,-1.17,-2.88,-639,-421,-1060
"Gove County, Kansas",Gove,20063,2707,2735,2717,1.03,-0.66,0.37,28,-18,10
"Graham County, Kansas",Graham,20065,2408,2408,2411,0.00,0.12,0.12,0,3,3
"Grant County, Kansas",Grant,20067,7326,7318,7197,-0.11,-1.65,-1.76,-8,-121,-129
"Gray County, Kansas",Gray,20069,5646,5672,5729,0.46,1.00,1.47,26,57,83
"Greeley County, Kansas",Greeley,20071,1274,1280,1223,0.47,-4.45,-4.00,6,-57,-51
"Greenwood County, Kansas",Greenwood,20073,5965,5922,5939,-0.72,0.29,-0.44,-43,17,-26
"Hamilton County, Kansas",Hamilton,20075,2489,2468,2430,-0.84,-1.54,-2.37,-21,-38,-59
"Harper County, Kansas",Harper,20077,5465,5329,5323,-2.49,-0.11,-2.60,-136,-6,-142
"Harvey County, Kansas",Harvey,20079,33998,33827,33801,-0.50,-0.08,-0.58,-171,-26,-197
"Haskell County, Kansas",Haskell,20081,3759,3646,3576,-3.01,-1.92,-4.87,-113,-70,-183
"Hodgeman County, Kansas",Hodgeman,20083,1739,1750,1755,0.63,0.29,0.92,11,5,16
"Jackson County, Kansas",Jackson,20085,13241,13270,13286,0.22,0.12,0.34,29,16,45
"Jefferson County, Kansas",Jefferson,20087,18320,18419,18344,0.54,-0.41,0.13,99,-75,24
"Jewell County, Kansas",Jewell,20089,2936,2946,2898,0.34,-1.63,-1.29,10,-48,-38
"Johnson County, Kansas",Johnson,20091,611101,614848,619195,0.61,0.71,1.32,3747,4347,8094
"Kearny County, Kansas",Kearny,20093,3961,3892,3855,-1.74,-0.95,-2.68,-69,-37,-106
"Kingman County, Kansas",Kingman,20095,7412,7280,7193,-1.78,-1.20,-2.95,-132,-87,-219
"Kiowa County, Kansas",Kiowa,20097,2452,2408,2404,-1.79,-0.17,-1.96,-44,-4,-48
"Labette County, Kansas",Labette,20099,20165,19929,19757,-1.17,-0.86,-2.02,-236,-172,-408
"Lane County, Kansas",Lane,20101,1569,1572,1556,0.19,-1.02,-0.83,3,-16,-13
"Leavenworth County, Kansas",Leavenworth,20103,81953,82322,82892,0.45,0.69,1.15,369,570,939
"Lincoln County, Kansas",Lincoln,20105,2948,2907,2899,-1.39,-0.28,-1.66,-41,-8,-49
"Linn County, Kansas",Linn,20107,9586,9730,9796,1.50,0.68,2.19,144,66,210
"Logan County, Kansas",Logan,20109,2743,2710,2705,-1.20,-0.18,-1.39,-33,-5,-38
"Lyon County, Kansas",Lyon,20111,32107,31987,31898,-0.37,-0.28,-0.65,-120,-89,-209
"McPherson County, Kansas",McPherson,20113,30180,30137,30012,-0.14,-0.41,-0.56,-43,-125,-168
"Marion County, Kansas",Marion,20115,11778,11756,11868,-0.19,0.95,0.76,-22,112,90
"Marshall County, Kansas",Marshall,20117,10026,10010,9982,-0.16,-0.28,-0.44,-16,-28,-44
"Meade County, Kansas",Meade,20119,4054,3989,3897,-1.60,-2.31,-3.87,-65,-92,-157
"Miami County, Kansas",Miami,20121,34232,34665,34867,1.26,0.58,1.85,433,202,635
"Mitchell County, Kansas",Mitchell,20123,5772,5757,5738,-0.26,-0.33,-0.59,-15,-19,-34
"Montgomery County, Kansas",Montgomery,20125,31393,31202,30996,-0.61,-0.66,-1.26,-191,-206,-397
"Morris County, Kansas",Morris,20127,5367,5362,5349,-0.09,-0.24,-0.34,-5,-13,-18
"Morton County, Kansas",Morton,20129,2697,2669,2599,-1.04,-2.62,-3.63,-28,-70,-98
"Nemaha County, Kansas",Nemaha,20131,10265,10216,10115,-0.48,-0.99,-1.46,-49,-101,-150
"Neosho County, Kansas",Neosho,20133,15905,15779,15606,-0.79,-1.10,-1.88,-126,-173,-299
"Ness County, Kansas",Ness,20135,2667,2651,2645,-0.60,-0.23,-0.82,-16,-6,-22
"Norton County, Kansas",Norton,20137,5453,5369,5301,-1.54,-1.27,-2.79,-84,-68,-152
"Osage County, Kansas",Osage,20139,15746,15746,15654,0.00,-0.58,-0.58,0,-92,-92
"Osborne County, Kansas",Osborne,20141,3497,3485,3490,-0.34,0.14,-0.20,-12,5,-7
"Ottawa County, Kansas",Ottawa,20143,5728,5834,5795,1.85,-0.67,1.17,106,-39,67
"Pawnee County, Kansas",Pawnee,20145,6261,6246,6179,-0.24,-1.07,-1.31,-15,-67,-82
"Phillips County, Kansas",Phillips,20147,4977,4845,4809,-2.65,-0.74,-3.38,-132,-36,-168
"Pottawatomie County, Kansas",Pottawatomie,20149,25411,25860,26273,1.77,1.60,3.39,449,413,862
"Pratt County, Kansas",Pratt,20151,9148,9180,9067,0.35,-1.23,-0.89,32,-113,-81
"Rawlins County, Kansas",Rawlins,20153,2565,2559,2528,-0.23,-1.21,-1.44,-6,-31,-37
"Reno County, Kansas",Reno,20155,61887,61510,61516,-0.61,0.01,-0.60,-377,6,-371
"Republic County, Kansas",Republic,20157,4677,4682,4642,0.11,-0.85,-0.75,5,-40,-35
"Rice County, Kansas",Rice,20159,9385,9406,9407,0.22,0.01,0.23,21,1,22
"Riley County, Kansas",Riley,20161,72013,71849,71108,-0.23,-1.03,-1.26,-164,-741,-905
"Rooks County, Kansas",Rooks,20163,4895,4870,4813,-0.51,-1.17,-1.68,-25,-57,-82
"Rush County, Kansas",Rush,20165,2938,2925,2927,-0.44,0.07,-0.37,-13,2,-11
"Russell County, Kansas",Russell,20167,6670,6677,6639,0.10,-0.57,-0.46,7,-38,-31
"Saline County, Kansas",Saline,20169,54253,53899,53596,-0.65,-0.56,-1.21,-354,-303,-657
"Scott County, Kansas",Scott,20171,5138,5121,5014,-0.33,-2.09,-2.41,-17,-107,-124
"Sedgwick County, Kansas",Sedgwick,20173,524786,524481,525525,-0.06,0.20,0.14,-305,1044,739
"Seward County, Kansas",Seward,20175,21854,21747,21358,-0.49,-1.79,-2.27,-107,-389,-496
"Shawnee County, Kansas",Shawnee,20177,178698,178367,177480,-0.19,-0.50,-0.68,-331,-887,-1218
"Sheridan County, Kansas",Sheridan,20179,2451,2452,2425,0.04,-1.10,-1.06,1,-27,-26
"Sherman County, Kansas",Sherman,20181,5895,5911,5830,0.27,-1.37,-1.10,16,-81,-65
"Smith County, Kansas",Smith,20183,3552,3555,3533,0.08,-0.62,-0.53,3,-22,-19
"Stafford County, Kansas",Stafford,20185,4055,4008,3993,-1.16,-0.37,-1.53,-47,-15,-62
"Stanton County, Kansas",Stanton,20187,2083,2041,1963,-2.02,-3.82,-5.76,-42,-78,-120
"Stevens County, Kansas",Stevens,20189,5246,5299,5175,1.01,-2.34,-1.35,53,-124,-71
"Sumner County, Kansas",Sumner,20191,22342,22386,22473,0.20,0.39,0.59,44,87,131
"Thomas County, Kansas",Thomas,20193,7933,7942,7893,0.11,-0.62,-0.50,9,-49,-40
"Trego County, Kansas",Trego,20195,2805,2792,2752,-0.46,-1.43,-1.89,-13,-40,-53
"Wabaunsee County, Kansas",Wabaunsee,20197,6885,6969,7019,1.22,0.72,1.95,84,50,134
"Wallace County, Kansas",Wallace,20199,1517,1514,1488,-0.20,-1.72,-1.91,-3,-26,-29
"Washington County, Kansas",Washington,20201,5532,5526,5501,-0.11,-0.45,-0.56,-6,-25,-31
"Wichita County, Kansas",Wichita,20203,2149,2081,2064,-3.16,-0.82,-3.96,-68,-17,-85
"Wilson County, Kansas",Wilson,20205,8576,8537,8622,-0.45,1.00,0.54,-39,85,46
"Woodson County, Kansas",Woodson,20207,3091,3076,3109,-0.49,1.07,0.58,-15,33,18
"Wyandotte County, Kansas",Wyandotte,20209,168904,167290,165746,-0.96,-0.92,-1.87,-1614,-1544,-3158
"Adair County, Kentucky",Adair,21001,18880,18953,19067,0.39,0.60,0.99,73,114,187
"Allen County, Kentucky",Allen,21003,20573,20828,21275,1.24,2.15,3.41,255,447,702
"Anderson County, Kentucky",Anderson,21005,23870,24043,24224,0.72,0.75,1.48,173,181,354
"Ballard County, Kentucky",Ballard,21007,7712,7690,7650,-0.29,-0.52,-0.80,-22,-40,-62
"Barren County, Kentucky",Barren,21009,44502,44599,44854,0.22,0.57,0.79,97,255,352
"Bath County, Kentucky",Bath,21011,12716,12774,12829,0.46,0.43,0.89,58,55,113
"Bell County, Kentucky",Bell,21013,23984,23765,23568,-0.91,-0.83,-1.73,-219,-197,-416
"Boone County, Kentucky",Boone,21015,136465,137760,139093,0.95,0.97,1.93,1295,1333,2628
"Bourbon County, Kentucky",Bourbon,21017,20290,20218,20093,-0.35,-0.62,-0.97,-72,-125,-197
"Boyd County, Kentucky",Boyd,21019,48197,47767,48110,-0.89,0.72,-0.18,-430,343,-87
"Boyle County, Kentucky",Boyle,21021,30753,30649,30904,-0.34,0.83,0.49,-104,255,151
"Bracken County, Kentucky",Bracken,21023,8402,8446,8452,0.52,0.07,0.60,44,6,50
"Breathitt County, Kentucky",Breathitt,21025,13694,13527,13351,-1.22,-1.30,-2.50,-167,-176,-343
"Breckinridge County, Kentucky",Breckinridge,21027,20443,20652,20943,1.02,1.41,2.45,209,291,500
"Bullitt County, Kentucky",Bullitt,21029,82355,83076,83836,0.88,0.91,1.80,721,760,1481
"Butler County, Kentucky",Butler,21031,12318,12279,12295,-0.32,0.13,-0.19,-39,16,-23
"Caldwell County, Kentucky",Caldwell,21033,12634,12644,12570,0.08,-0.59,-0.51,10,-74,-64
"Calloway County, Kentucky",Calloway,21035,37145,37489,37685,0.93,0.52,1.45,344,196,540
"Campbell County, Kentucky",Campbell,21037,93129,92856,93300,-0.29,0.48,0.18,-273,444,171
"Carlisle County, Kentucky",Carlisle,21039,4806,4760,4720,-0.96,-0.84,-1.79,-46,-40,-86
"Carroll County, Kentucky",Carroll,21041,10836,10884,10938,0.44,0.50,0.94,48,54,102
"Carter County, Kentucky",Carter,21043,26607,26432,26395,-0.66,-0.14,-0.80,-175,-37,-212
"Casey County, Kentucky",Casey,21045,15924,15951,15920,0.17,-0.19,-0.03,27,-31,-4
"Christian County, Kentucky",Christian,21047,72768,73221,73037,0.62,-0.25,0.37,453,-184,269
"Clark County, Kentucky",Clark,21049,37037,36925,37061,-0.30,0.37,0.06,-112,136,24
"Clay County, Kentucky",Clay,21051,20310,20184,19913,-0.62,-1.34,-1.95,-126,-271,-397
"Clinton County, Kentucky",Clinton,21053,9232,9288,9123,0.61,-1.78,-1.18,56,-165,-109
"Crittenden County, Kentucky",Crittenden,21055,9002,8939,8981,-0.70,0.47,-0.23,-63,42,-21
"Cumberland County, Kentucky",Cumberland,21057,5860,5892,5946,0.55,0.92,1.47,32,54,86
"Daviess County, Kentucky",Daviess,21059,103391,103140,103222,-0.24,0.08,-0.16,-251,82,-169
"Edmonson County, Kentucky",Edmonson,21061,12153,12213,12269,0.49,0.46,0.95,60,56,116
"Elliott County, Kentucky",Elliott,21063,7333,7375,7293,0.57,-1.11,-0.55,42,-82,-40
"Estill County, Kentucky",Estill,21065,14161,14090,14044,-0.50,-0.33,-0.83,-71,-46,-117
"Fayette County, Kentucky",Fayette,21067,322613,320473,320347,-0.66,-0.04,-0.70,-2140,-126,-2266
"Fleming County, Kentucky",Fleming,21069,15098,15268,15288,1.13,0.13,1.26,170,20,190
"Floyd County, Kentucky",Floyd,21071,35804,35300,34978,-1.41,-0.91,-2.31,-504,-322,-826
"Franklin County, Kentucky",Franklin,21073,51589,51683,51607,0.18,-0.15,0.03,94,-76,18
"Fulton County, Kentucky",Fulton,21075,6512,6513,6382,0.02,-2.01,-2.00,1,-131,-130
"Gallatin County, Kentucky",Gallatin,21077,8672,8766,8763,1.08,-0.03,1.05,94,-3,91
"Garrard County, Kentucky",Garrard,21079,16965,17385,17589,2.48,1.17,3.68,420,204,624
"Grant County, Kentucky",Grant,21081,25014,25302,25502,1.15,0.79,1.95,288,200,488
"Graves County, Kentucky",Graves,21083,36527,36634,36412,0.29,-0.61,-0.31,107,-222,-115
"Grayson County, Kentucky",Grayson,21085,26454,26582,26631,0.48,0.18,0.67,128,49,177
"Green County, Kentucky",Green,21087,11130,11308,11365,1.60,0.50,2.11,178,57,235
"Greenup County, Kentucky",Greenup,21089,35887,35682,35403,-0.57,-0.78,-1.35,-205,-279,-484
"Hancock County, Kentucky",Hancock,21091,9105,9083,9021,-0.24,-0.68,-0.92,-22,-62,-84
"Hardin County, Kentucky",Hardin,21093,110816,111766,111862,0.86,0.09,0.94,950,96,1046
"Harlan County, Kentucky",Harlan,21095,26752,26177,25662,-2.15,-1.97,-4.07,-575,-515,-1090
"Harrison County, Kentucky",Harrison,21097,18718,18964,19103,1.31,0.73,2.06,246,139,385
"Hart County, Kentucky",Hart,21099,19289,19485,19600,1.02,0.59,1.61,196,115,311
"Henderson County, Kentucky",Henderson,21101,44668,44417,44046,-0.56,-0.84,-1.39,-251,-371,-622
"Henry County, Kentucky",Henry,21103,15697,15704,15771,0.04,0.43,0.47,7,67,74
"Hickman County, Kentucky",Hickman,21105,4530,4430,4422,-2.21,-0.18,-2.38,-100,-8,-108
"Hopkins County, Kentucky",Hopkins,21107,45366,45096,44812,-0.60,-0.63,-1.22,-270,-284,-554
"Jackson County, Kentucky",Jackson,21109,12962,12987,12973,0.19,-0.11,0.08,25,-14,11
"Jefferson County, Kentucky",Jefferson,21111,782783,777378,773399,-0.69,-0.51,-1.20,-5405,-3979,-9384
"Jessamine County, Kentucky",Jessamine,21113,53016,53609,54254,1.12,1.20,2.34,593,645,1238
"Johnson County, Kentucky",Johnson,21115,22644,22539,22244,-0.46,-1.31,-1.77,-105,-295,-400
"Kenton County, Kentucky",Kenton,21117,169246,169734,170313,0.29,0.34,0.63,488,579,1067
"Knott County, Kentucky",Knott,21119,14163,14033,13874,-0.92,-1.13,-2.04,-130,-159,-289
"Knox County, Kentucky",Knox,21121,30183,30019,29791,-0.54,-0.76,-1.30,-164,-228,-392
"Larue County, Kentucky",Larue,21123,14877,15024,15163,0.99,0.93,1.92,147,139,286
"Laurel County, Kentucky",Laurel,21125,62728,62592,62885,-0.22,0.47,0.25,-136,293,157
"Lawrence County, Kentucky",Lawrence,21127,16303,16268,16109,-0.21,-0.98,-1.19,-35,-159,-194
"Lee County, Kentucky",Lee,21129,7372,7454,7261,1.11,-2.59,-1.51,82,-193,-111
"Leslie County, Kentucky",Leslie,21131,10471,10298,10093,-1.65,-1.99,-3.61,-173,-205,-378
"Letcher County, Kentucky",Letcher,21133,21465,21245,20893,-1.02,-1.66,-2.66,-220,-352,-572
"Lewis County, Kentucky",Lewis,21135,13082,13006,12954,-0.58,-0.40,-0.98,-76,-52,-128
"Lincoln County, Kentucky",Lincoln,21137,24249,24227,24360,-0.09,0.55,0.46,-22,133,111
"Livingston County, Kentucky",Livingston,21139,8873,8984,8963,1.25,-0.23,1.01,111,-21,90
"Logan County, Kentucky",Logan,21141,27515,27815,27877,1.09,0.22,1.32,300,62,362
"Lyon County, Kentucky",Lyon,21143,8678,8436,9101,-2.79,7.88,4.87,-242,665,423
"McCracken County, Kentucky",McCracken,21145,67911,67612,67490,-0.44,-0.18,-0.62,-299,-122,-421
"McCreary County, Kentucky",McCreary,21147,16857,16681,16701,-1.04,0.12,-0.93,-176,20,-156
"McLean County, Kentucky",McLean,21149,9134,9127,9105,-0.08,-0.24,-0.32,-7,-22,-29
"Madison County, Kentucky",Madison,21151,92983,93473,95187,0.53,1.83,2.37,490,1714,2204
"Magoffin County, Kentucky",Magoffin,21153,11604,11476,11357,-1.10,-1.04,-2.13,-128,-119,-247
"Marion County, Kentucky",Marion,21155,19588,19758,19775,0.87,0.09,0.95,170,17,187
"Marshall County, Kentucky",Marshall,21157,31685,31820,31777,0.43,-0.14,0.29,135,-43,92
"Martin County, Kentucky",Martin,21159,11249,11157,11095,-0.82,-0.56,-1.37,-92,-62,-154
"Mason County, Kentucky",Mason,21161,17130,16965,16930,-0.96,-0.21,-1.17,-165,-35,-200
"Meade County, Kentucky",Meade,21163,30030,30132,30001,0.34,-0.43,-0.10,102,-131,-29
"Menifee County, Kentucky",Menifee,21165,6135,6209,6250,1.21,0.66,1.87,74,41,115
"Mercer County, Kentucky",Mercer,21167,22652,22872,22902,0.97,0.13,1.10,220,30,250
"Metcalfe County, Kentucky",Metcalfe,21169,10286,10363,10370,0.75,0.07,0.82,77,7,84
"Monroe County, Kentucky",Monroe,21171,11316,11269,11355,-0.42,0.76,0.34,-47,86,39
"Montgomery County, Kentucky",Montgomery,21173,28104,28231,28367,0.45,0.48,0.94,127,136,263
"Morgan County, Kentucky",Morgan,21175,13729,13682,14120,-0.34,3.20,2.85,-47,438,391
"Muhlenberg County, Kentucky",Muhlenberg,21177,30886,30072,30455,-2.64,1.27,-1.40,-814,383,-431
"Nelson County, Kentucky",Nelson,21179,46784,47149,47392,0.78,0.52,1.30,365,243,608
"Nicholas County, Kentucky",Nicholas,21181,7540,7750,7805,2.79,0.71,3.51,210,55,265
"Ohio County, Kentucky",Ohio,21183,23746,23730,23527,-0.07,-0.86,-0.92,-16,-203,-219
"Oldham County, Kentucky",Oldham,21185,67692,68232,69431,0.80,1.76,2.57,540,1199,1739
"Owen County, Kentucky",Owen,21187,11304,11307,11290,0.03,-0.15,-0.12,3,-17,-14
"Owsley County, Kentucky",Owsley,21189,4031,3967,3929,-1.59,-0.96,-2.53,-64,-38,-102
"Pendleton County, Kentucky",Pendleton,21191,14652,14611,14676,-0.28,0.44,0.16,-41,65,24
"Perry County, Kentucky",Perry,21193,28360,27906,27361,-1.60,-1.95,-3.52,-454,-545,-999
"Pike County, Kentucky",Pike,21195,58443,57362,56286,-1.85,-1.88,-3.69,-1081,-1076,-2157
"Powell County, Kentucky",Powell,21197,13095,13110,13083,0.11,-0.21,-0.09,15,-27,-12
"Pulaski County, Kentucky",Pulaski,21199,65104,65561,65795,0.70,0.36,1.06,457,234,691
"Robertson County, Kentucky",Robertson,21201,2181,2250,2229,3.16,-0.93,2.20,69,-21,48
"Rockcastle County, Kentucky",Rockcastle,21203,16064,16151,16242,0.54,0.56,1.11,87,91,178
"Rowan County, Kentucky",Rowan,21205,24716,24586,24388,-0.53,-0.81,-1.33,-130,-198,-328
"Russell County, Kentucky",Russell,21207,17995,18195,18178,1.11,-0.09,1.02,200,-17,183
"Scott County, Kentucky",Scott,21209,57520,58312,59099,1.38,1.35,2.75,792,787,1579
"Shelby County, Kentucky",Shelby,21211,48243,48580,48886,0.70,0.63,1.33,337,306,643
"Simpson County, Kentucky",Simpson,21213,19626,19716,19949,0.46,1.18,1.65,90,233,323
"Spencer County, Kentucky",Spencer,21215,19510,19895,20204,1.97,1.55,3.56,385,309,694
"Taylor County, Kentucky",Taylor,21217,26000,26158,26407,0.61,0.95,1.57,158,249,407
"Todd County, Kentucky",Todd,21219,12289,12321,12404,0.26,0.67,0.94,32,83,115
"Trigg County, Kentucky",Trigg,21221,14080,14202,14332,0.87,0.92,1.79,122,130,252
"Trimble County, Kentucky",Trimble,21223,8461,8553,8539,1.09,-0.16,0.92,92,-14,78
"Union County, Kentucky",Union,21225,13665,13166,12961,-3.65,-1.56,-5.15,-499,-205,-704
"Warren County, Kentucky",Warren,21227,135013,137148,139843,1.58,1.97,3.58,2135,2695,4830
"Washington County, Kentucky",Washington,21229,12042,12091,12061,0.41,-0.25,0.16,49,-30,19
"Wayne County, Kentucky",Wayne,21231,19542,19569,19681,0.14,0.57,0.71,27,112,139
"Webster County, Kentucky",Webster,21233,13017,12857,12726,-1.23,-1.02,-2.24,-160,-131,-291
"Whitley County, Kentucky",Whitley,21235,36695,36699,36873,0.01,0.47,0.49,4,174,178
"Wolfe County, Kentucky",Wolfe,21237,6556,6491,6400,-0.99,-1.40,-2.38,-65,-91,-156
"Woodford County, Kentucky",Woodford,21239,26902,27090,27062,0.70,-0.10,0.59,188,-28,160
"Acadia Parish, Louisiana",Acadia,22001,57472,57262,56744,-0.37,-0.90,-1.27,-210,-518,-728
"Allen Parish, Louisiana",Allen,22003,22684,22604,22320,-0.35,-1.26,-1.60,-80,-284,-364
"Ascension Parish, Louisiana",Ascension,22005,126966,128502,130458,1.21,1.52,2.75,1536,1956,3492
"Assumption Parish, Louisiana",Assumption,22007,20957,20726,20604,-1.10,-0.59,-1.68,-231,-122,-353
"Avoyelles Parish, Louisiana",Avoyelles,22009,39638,39265,38751,-0.94,-1.31,-2.24,-373,-514,-887
"Beauregard Parish, Louisiana",Beauregard,22011,36600,36619,36570,0.05,-0.13,-0.08,19,-49,-30
"Bienville Parish, Louisiana",Bienville,22013,12918,12800,12641,-0.91,-1.24,-2.14,-118,-159,-277
"Bossier Parish, Louisiana",Bossier,22015,128717,129402,129276,0.53,-0.10,0.43,685,-126,559
"Caddo Parish, Louisiana",Caddo,22017,236928,232741,229025,-1.77,-1.60,-3.34,-4187,-3716,-7903
"Calcasieu Parish, Louisiana",Calcasieu,22019,216465,205095,202418,-5.25,-1.31,-6.49,-11370,-2677,-14047
"Caldwell Parish, Louisiana",Caldwell,22021,9611,9593,9554,-0.19,-0.41,-0.59,-18,-39,-57
"Cameron Parish, Louisiana",Cameron,22023,5623,5099,4902,-9.32,-3.86,-12.82,-524,-197,-721
"Catahoula Parish, Louisiana",Catahoula,22025,8841,8712,8566,-1.46,-1.68,-3.11,-129,-146,-275
"Claiborne Parish, Louisiana",Claiborne,22027,14103,13990,13744,-0.80,-1.76,-2.55,-113,-246,-359
"Concordia Parish, Louisiana",Concordia,22029,18568,18373,18116,-1.05,-1.40,-2.43,-195,-257,-452
"De Soto Parish, Louisiana",De Soto,22031,26838,26934,26853,0.36,-0.30,0.06,96,-81,15
"East Baton Rouge Parish, Louisiana",East Baton Rouge,22033,455886,453653,450544,-0.49,-0.69,-1.17,-2233,-3109,-5342
"East Carroll Parish, Louisiana",East Carroll,22035,7397,7242,6990,-2.10,-3.48,-5.50,-155,-252,-407
"East Feliciana Parish, Louisiana",East Feliciana,22037,19450,19319,19135,-0.67,-0.95,-1.62,-131,-184,-315
"Evangeline Parish, Louisiana",Evangeline,22039,32304,32190,31986,-0.35,-0.63,-0.98,-114,-204,-318
"Franklin Parish, Louisiana",Franklin,22041,19712,19593,19308,-0.60,-1.45,-2.05,-119,-285,-404
"Grant Parish, Louisiana",Grant,22043,22135,22212,22000,0.35,-0.95,-0.61,77,-212,-135
"Iberia Parish, Louisiana",Iberia,22045,70054,69298,68327,-1.08,-1.40,-2.47,-756,-971,-1727
"Iberville Parish, Louisiana",Iberville,22047,30058,29713,29506,-1.15,-0.70,-1.84,-345,-207,-552
"Jackson Parish, Louisiana",Jackson,22049,14997,14922,14839,-0.50,-0.56,-1.05,-75,-83,-158
"Jefferson Parish, Louisiana",Jefferson,22051,439712,433929,425884,-1.32,-1.85,-3.14,-5783,-8045,-13828
"Jefferson Davis Parish, Louisiana",Jefferson Davis,22053,32210,32413,32026,0.63,-1.19,-0.57,203,-387,-184
"Lafayette Parish, Louisiana",Lafayette,22055,242148,244922,247866,1.15,1.20,2.36,2774,2944,5718
"Lafourche Parish, Louisiana",Lafourche,22057,97434,97537,95870,0.11,-1.71,-1.61,103,-1667,-1564
"LaSalle Parish, Louisiana",La Salle,22059,14822,14793,14729,-0.20,-0.43,-0.63,-29,-64,-93
"Lincoln Parish, Louisiana",Lincoln,22061,48304,48153,48129,-0.31,-0.05,-0.36,-151,-24,-175
"Livingston Parish, Louisiana",Livingston,22063,142824,146230,148425,2.38,1.50,3.92,3406,2195,5601
"Madison Parish, Louisiana",Madison,22065,9923,9804,9478,-1.20,-3.33,-4.48,-119,-326,-445
"Morehouse Parish, Louisiana",Morehouse,22067,25453,25000,24446,-1.78,-2.22,-3.96,-453,-554,-1007
"Natchitoches Parish, Louisiana",Natchitoches,22069,37388,36995,36663,-1.05,-0.90,-1.94,-393,-332,-725
"Orleans Parish, Louisiana",Orleans,22071,383218,377063,369749,-1.61,-1.94,-3.51,-6155,-7314,-13469
"Ouachita Parish, Louisiana",Ouachita,22073,160096,158919,157702,-0.74,-0.77,-1.50,-1177,-1217,-2394
"Plaquemines Parish, Louisiana",Plaquemines,22075,23458,23284,22516,-0.74,-3.30,-4.02,-174,-768,-942
"Pointe Coupee Parish, Louisiana",Pointe Coupee,22077,20670,20323,20151,-1.68,-0.85,-2.51,-347,-172,-519
"Rapides Parish, Louisiana",Rapides,22079,129657,128748,127189,-0.70,-1.21,-1.90,-909,-1559,-2468
"Red River Parish, Louisiana",Red River,22081,7587,7490,7420,-1.28,-0.93,-2.20,-97,-70,-167
"Richland Parish, Louisiana",Richland,22083,20032,19890,19826,-0.71,-0.32,-1.03,-142,-64,-206
"Sabine Parish, Louisiana",Sabine,22085,22093,22098,21985,0.02,-0.51,-0.49,5,-113,-108
"St. Bernard Parish, Louisiana",St. Bernard,22087,43853,44330,44479,1.09,0.34,1.43,477,149,626
"St. Charles Parish, Louisiana",St. Charles,22089,52507,52405,50998,-0.19,-2.68,-2.87,-102,-1407,-1509
"St. Helena Parish, Louisiana",St. Helena,22091,10901,10921,10822,0.18,-0.91,-0.72,20,-99,-79
"St. James Parish, Louisiana",St. James,22093,20117,19790,19423,-1.63,-1.85,-3.45,-327,-367,-694
"St. John the Baptist Parish, Louisiana",St. John the Baptist,22095,42355,42021,39864,-0.79,-5.13,-5.88,-334,-2157,-2491
"St. Landry Parish, Louisiana",St. Landry,22097,82302,82283,81773,-0.02,-0.62,-0.64,-19,-510,-529
"St. Martin Parish, Louisiana",St. Martin,22099,51628,51573,51236,-0.11,-0.65,-0.76,-55,-337,-392
"St. Mary Parish, Louisiana",St. Mary,22101,49143,48188,47789,-1.94,-0.83,-2.76,-955,-399,-1354
"St. Tammany Parish, Louisiana",St. Tammany,22103,264986,270087,273263,1.93,1.18,3.12,5101,3176,8277
"Tangipahoa Parish, Louisiana",Tangipahoa,22105,133635,135508,137048,1.40,1.14,2.55,1873,1540,3413
"Tensas Parish, Louisiana",Tensas,22107,4107,4034,3846,-1.78,-4.66,-6.36,-73,-188,-261
"Terrebonne Parish, Louisiana",Terrebonne,22109,109405,109013,104786,-0.36,-3.88,-4.22,-392,-4227,-4619
"Union Parish, Louisiana",Union,22111,21090,20996,20721,-0.45,-1.31,-1.75,-94,-275,-369
"Vermilion Parish, Louisiana",Vermilion,22113,56918,56854,56952,-0.11,0.17,0.06,-64,98,34
"Vernon Parish, Louisiana",Vernon,22115,48625,48056,47247,-1.17,-1.68,-2.83,-569,-809,-1378
"Washington Parish, Louisiana",Washington,22117,45344,45176,45025,-0.37,-0.33,-0.70,-168,-151,-319
"Webster Parish, Louisiana",Webster,22119,36875,36024,35643,-2.31,-1.06,-3.34,-851,-381,-1232
"West Baton Rouge Parish, Louisiana",West Baton Rouge,22121,27258,27805,28034,2.01,0.82,2.85,547,229,776
"West Carroll Parish, Louisiana",West Carroll,22123,9693,9596,9475,-1.00,-1.26,-2.25,-97,-121,-218
"West Feliciana Parish, Louisiana",West Feliciana,22125,15250,15481,15381,1.51,-0.65,0.86,231,-100,131
"Winn Parish, Louisiana",Winn,22127,13721,13507,13205,-1.56,-2.24,-3.76,-214,-302,-516
"Androscoggin County, Maine",Androscoggin,23001,111180,112648,113023,1.32,0.33,1.66,1468,375,1843
"Aroostook County, Maine",Aroostook,23003,67064,67022,67255,-0.06,0.35,0.28,-42,233,191
"Cumberland County, Maine",Cumberland,23005,303570,306149,307451,0.85,0.43,1.28,2579,1302,3881
"Franklin County, Maine",Franklin,23007,29460,30275,30474,2.77,0.66,3.44,815,199,1014
"Hancock County, Maine",Hancock,23009,55500,56403,56701,1.63,0.53,2.16,903,298,1201
"Kennebec County, Maine",Kennebec,23011,123832,124824,125540,0.80,0.57,1.38,992,716,1708
"Knox County, Maine",Knox,23013,40657,41074,41164,1.03,0.22,1.25,417,90,507
"Lincoln County, Maine",Lincoln,23015,35249,35985,36215,2.09,0.64,2.74,736,230,966
"Oxford County, Maine",Oxford,23017,57894,58719,59495,1.43,1.32,2.77,825,776,1601
"Penobscot County, Maine",Penobscot,23019,152165,152834,153704,0.44,0.57,1.01,669,870,1539
"Piscataquis County, Maine",Piscataquis,23021,16805,17184,17417,2.26,1.36,3.64,379,233,612
"Sagadahoc County, Maine",Sagadahoc,23023,36724,37190,37393,1.27,0.55,1.82,466,203,669
"Somerset County, Maine",Somerset,23025,50460,50715,51098,0.51,0.76,1.26,255,383,638
"Waldo County, Maine",Waldo,23027,39654,39984,40241,0.83,0.64,1.48,330,257,587
"Washington County, Maine",Washington,23029,31087,31166,31437,0.25,0.87,1.13,79,271,350
"York County, Maine",York,23031,212256,215066,216732,1.32,0.77,2.11,2810,1666,4476
"Allegany County, Maryland",Allegany,24001,67955,67691,67267,-0.39,-0.63,-1.01,-264,-424,-688
"Anne Arundel County, Maryland",Anne Arundel,24003,589054,592052,593286,0.51,0.21,0.72,2998,1234,4232
"Baltimore County, Maryland",Baltimore,24005,853325,850634,846161,-0.32,-0.53,-0.84,-2691,-4473,-7164
"Calvert County, Maryland",Calvert,24009,92905,94226,94573,1.42,0.37,1.80,1321,347,1668
"Caroline County, Maryland",Caroline,24011,33273,33413,33433,0.42,0.06,0.48,140,20,160
"Carroll County, Maryland",Carroll,24013,172923,174208,175305,0.74,0.63,1.38,1285,1097,2382
"Cecil County, Maryland",Cecil,24015,103793,104096,104942,0.29,0.81,1.11,303,846,1149
"Charles County, Maryland",Charles,24017,166726,168870,170102,1.29,0.73,2.02,2144,1232,3376
"Dorchester County, Maryland",Dorchester,24019,32528,32625,32726,0.30,0.31,0.61,97,101,198
"Frederick County, Maryland",Frederick,24021,272765,280410,287079,2.80,2.38,5.25,7645,6669,14314
"Garrett County, Maryland",Garrett,24023,28792,28757,28579,-0.12,-0.62,-0.74,-35,-178,-213
"Harford County, Maryland",Harford,24025,261213,263292,263867,0.80,0.22,1.02,2079,575,2654
"Howard County, Maryland",Howard,24027,332786,335287,335411,0.75,0.04,0.79,2501,124,2625
"Kent County, Maryland",Kent,24029,19114,19254,19320,0.73,0.34,1.08,140,66,206
"Montgomery County, Maryland",Montgomery,24031,1060825,1055924,1052521,-0.46,-0.32,-0.78,-4901,-3403,-8304
"Prince George's County, Maryland",Prince George's,24033,965290,956254,946971,-0.94,-0.97,-1.90,-9036,-9283,-18319
"Queen Anne's County, Maryland",Queen Anne's,24035,50023,50900,51711,1.75,1.59,3.37,877,811,1688
"St. Mary's County, Maryland",St. Mary's,24037,113987,114664,114877,0.59,0.19,0.78,677,213,890
"Somerset County, Maryland",Somerset,24039,24564,24528,24546,-0.15,0.07,-0.07,-36,18,-18
"Talbot County, Maryland",Talbot,24041,37481,37796,37932,0.84,0.36,1.20,315,136,451
"Washington County, Maryland",Washington,24043,154677,155197,155590,0.34,0.25,0.59,520,393,913
"Wicomico County, Maryland",Wicomico,24045,103556,104181,104664,0.60,0.46,1.07,625,483,1108
"Worcester County, Maryland",Worcester,24047,52511,53370,53866,1.64,0.93,2.58,859,496,1355
"Baltimore city, Maryland",Baltimore,24510,583139,576981,569931,-1.06,-1.22,-2.26,-6158,-7050,-13208
"Barnstable County, Massachusetts",Barnstable,25001,228856,232594,232457,1.63,-0.06,1.57,3738,-137,3601
"Berkshire County, Massachusetts",Berkshire,25003,128774,128621,127859,-0.12,-0.59,-0.71,-153,-762,-915
"Bristol County, Massachusetts",Bristol,25005,576737,579895,580068,0.55,0.03,0.58,3158,173,3331
"Essex County, Massachusetts",Essex,25009,808491,807485,806765,-0.12,-0.09,-0.21,-1006,-720,-1726
"Franklin County, Massachusetts",Franklin,25011,70930,70943,70894,0.02,-0.07,-0.05,13,-49,-36
"Hampden County, Massachusetts",Hampden,25013,464407,462849,461041,-0.34,-0.39,-0.72,-1558,-1808,-3366
"Hampshire County, Massachusetts",Hampshire,25015,146592,163088,162588,11.25,-0.31,10.91,16496,-500,15996
"Middlesex County, Massachusetts",Middlesex,25017,1628671,1617099,1617105,-0.71,0.00,-0.71,-11572,6,-11566
"Plymouth County, Massachusetts",Plymouth,25023,530154,532919,533069,0.52,0.03,0.55,2765,150,2915
"Suffolk County, Massachusetts",Suffolk,25025,793271,771765,766381,-2.71,-0.70,-3.39,-21506,-5384,-26890
"Worcester County, Massachusetts",Worcester,25027,859708,862132,862927,0.28,0.09,0.37,2424,795,3219
"Alcona County, Michigan",Alcona,26001,10189,10300,10417,1.09,1.14,2.24,111,117,228
"Alger County, Michigan",Alger,26003,8842,8789,8807,-0.60,0.20,-0.40,-53,18,-35
"Allegan County, Michigan",Allegan,26005,120647,121010,121210,0.30,0.17,0.47,363,200,563
"Alpena County, Michigan",Alpena,26007,28880,28916,28847,0.12,-0.24,-0.11,36,-69,-33
"Antrim County, Michigan",Antrim,26009,23459,23884,24249,1.81,1.53,3.37,425,365,790
"Arenac County, Michigan",Arenac,26011,15003,15000,15089,-0.02,0.59,0.57,-3,89,86
"Baraga County, Michigan",Baraga,26013,8140,8291,8277,1.86,-0.17,1.68,151,-14,137
"Barry County, Michigan",Barry,26015,62598,63170,63554,0.91,0.61,1.53,572,384,956
"Bay County, Michigan",Bay,26017,103733,103251,102821,-0.46,-0.42,-0.88,-482,-430,-912
"Benzie County, Michigan",Benzie,26019,17997,18236,18297,1.33,0.33,1.67,239,61,300
"Berrien County, Michigan",Berrien,26021,154183,153377,152900,-0.52,-0.31,-0.83,-806,-477,-1283
"Branch County, Michigan",Branch,26023,44868,45202,44531,0.74,-1.48,-0.75,334,-671,-337
"Calhoun County, Michigan",Calhoun,26025,134184,133878,133289,-0.23,-0.44,-0.67,-306,-589,-895
"Cass County, Michigan",Cass,26027,51550,51501,51403,-0.10,-0.19,-0.29,-49,-98,-147
"Charlevoix County, Michigan",Charlevoix,26029,26034,26215,26293,0.70,0.30,0.99,181,78,259
"Cheboygan County, Michigan",Cheboygan,26031,25584,25735,25940,0.59,0.80,1.39,151,205,356
"Chippewa County, Michigan",Chippewa,26033,36781,35867,36293,-2.48,1.19,-1.33,-914,426,-488
"Clare County, Michigan",Clare,26035,30834,31128,31352,0.95,0.72,1.68,294,224,518
"Clinton County, Michigan",Clinton,26037,79157,79499,79748,0.43,0.31,0.75,342,249,591
"Crawford County, Michigan",Crawford,26039,12993,13292,13491,2.30,1.50,3.83,299,199,498
"Delta County, Michigan",Delta,26041,36860,36834,36741,-0.07,-0.25,-0.32,-26,-93,-119
"Dickinson County, Michigan",Dickinson,26043,25898,25795,25874,-0.40,0.31,-0.09,-103,79,-24
"Eaton County, Michigan",Eaton,26045,109176,109030,108992,-0.13,-0.03,-0.17,-146,-38,-184
"Emmet County, Michigan",Emmet,26047,34104,34280,34163,0.52,-0.34,0.17,176,-117,59
"Genesee County, Michigan",Genesee,26049,405757,404662,401983,-0.27,-0.66,-0.93,-1095,-2679,-3774
"Gladwin County, Michigan",Gladwin,26051,25375,25528,25728,0.60,0.78,1.39,153,200,353
"Gogebic County, Michigan",Gogebic,26053,14346,14356,14319,0.07,-0.26,-0.19,10,-37,-27
"Grand Traverse County, Michigan",Grand Traverse,26055,95411,96013,96464,0.63,0.47,1.10,602,451,1053
"Gratiot County, Michigan",Gratiot,26057,41667,41269,41100,-0.96,-0.41,-1.36,-398,-169,-567
"Hillsdale County, Michigan",Hillsdale,26059,45733,45609,45762,-0.27,0.34,0.06,-124,153,29
"Houghton County, Michigan",Houghton,26061,37238,37444,37035,0.55,-1.09,-0.55,206,-409,-203
"Huron County, Michigan",Huron,26063,31371,31354,31248,-0.05,-0.34,-0.39,-17,-106,-123
"Ingham County, Michigan",Ingham,26065,284640,271427,284108,-4.64,4.67,-0.19,-13213,12681,-532
"Ionia County, Michigan",Ionia,26067,66855,66797,66809,-0.09,0.02,-0.07,-58,12,-46
"Iosco County, Michigan",Iosco,26069,25185,25374,25521,0.75,0.58,1.33,189,147,336
"Iron County, Michigan",Iron,26071,11628,11576,11622,-0.45,0.40,-0.05,-52,46,-6
"Isabella County, Michigan",Isabella,26073,64513,64291,64447,-0.34,0.24,-0.10,-222,156,-66
"Jackson County, Michigan",Jackson,26075,160225,160266,160066,0.03,-0.12,-0.10,41,-200,-159
"Kalamazoo County, Michigan",Kalamazoo,26077,261767,260688,261173,-0.41,0.19,-0.23,-1079,485,-594
"Kalkaska County, Michigan",Kalkaska,26079,17916,17958,18182,0.23,1.25,1.48,42,224,266
"Kent County, Michigan",Kent,26081,658460,659000,659083,0.08,0.01,0.09,540,83,623
"Keweenaw County, Michigan",Keweenaw,26083,2068,2118,2180,2.42,2.93,5.42,50,62,112
"Lake County, Michigan",Lake,26085,12094,12261,12594,1.38,2.72,4.13,167,333,500
"Lapeer County, Michigan",Lapeer,26087,88572,88686,88780,0.13,0.11,0.23,114,94,208
"Leelanau County, Michigan",Leelanau,26089,22312,22630,22870,1.43,1.06,2.50,318,240,558
"Lenawee County, Michigan",Lenawee,26091,99320,99202,98567,-0.12,-0.64,-0.76,-118,-635,-753
"Livingston County, Michigan",Livingston,26093,193971,195277,196161,0.67,0.45,1.13,1306,884,2190
"Luce County, Michigan",Luce,26095,5336,5337,5330,0.02,-0.13,-0.11,1,-7,-6
"Mackinac County, Michigan",Mackinac,26097,10816,10899,10941,0.77,0.39,1.16,83,42,125
"Macomb County, Michigan",Macomb,26099,880176,877385,874195,-0.32,-0.36,-0.68,-2791,-3190,-5981
"Manistee County, Michigan",Manistee,26101,25061,25299,25287,0.95,-0.05,0.90,238,-12,226
"Marquette County, Michigan",Marquette,26103,66012,65800,66661,-0.32,1.31,0.98,-212,861,649
"Mason County, Michigan",Mason,26105,29038,29381,29409,1.18,0.10,1.28,343,28,371
"Mecosta County, Michigan",Mecosta,26107,39792,40057,40720,0.67,1.66,2.33,265,663,928
"Menominee County, Michigan",Menominee,26109,23450,23323,23266,-0.54,-0.24,-0.78,-127,-57,-184
"Midland County, Michigan",Midland,26111,83481,83426,83674,-0.07,0.30,0.23,-55,248,193
"Missaukee County, Michigan",Missaukee,26113,15057,15164,15213,0.71,0.32,1.04,107,49,156
"Monroe County, Michigan",Monroe,26115,154893,155646,155609,0.49,-0.02,0.46,753,-37,716
"Montcalm County, Michigan",Montcalm,26117,66648,67458,67433,1.22,-0.04,1.18,810,-25,785
"Montmorency County, Michigan",Montmorency,26119,9164,9302,9569,1.51,2.87,4.42,138,267,405
"Muskegon County, Michigan",Muskegon,26121,175848,176612,176565,0.43,-0.03,0.41,764,-47,717
"Newaygo County, Michigan",Newaygo,26123,50095,50468,50886,0.74,0.83,1.58,373,418,791
"Oakland County, Michigan",Oakland,26125,1272413,1271891,1269431,-0.04,-0.19,-0.23,-522,-2460,-2982
"Oceana County, Michigan",Oceana,26127,26713,26884,26973,0.64,0.33,0.97,171,89,260
"Ogemaw County, Michigan",Ogemaw,26129,20779,20783,20970,0.02,0.90,0.92,4,187,191
"Ontonagon County, Michigan",Ontonagon,26131,5805,5855,5863,0.86,0.14,1.00,50,8,58
"Osceola County, Michigan",Osceola,26133,22906,23176,23274,1.18,0.42,1.61,270,98,368
"Oscoda County, Michigan",Oscoda,26135,8239,8328,8404,1.08,0.91,2.00,89,76,165
"Otsego County, Michigan",Otsego,26137,25138,25351,25644,0.85,1.16,2.01,213,293,506
"Ottawa County, Michigan",Ottawa,26139,296889,298317,300873,0.48,0.86,1.34,1428,2556,3984
"Presque Isle County, Michigan",Presque Isle,26141,12997,13173,13361,1.35,1.43,2.80,176,188,364
"Roscommon County, Michigan",Roscommon,26143,23466,23677,23708,0.90,0.13,1.03,211,31,242
"Saginaw County, Michigan",Saginaw,26145,189860,189590,188330,-0.14,-0.66,-0.81,-270,-1260,-1530
"St. Clair County, Michigan",St. Clair,26147,160375,160384,160151,0.01,-0.15,-0.14,9,-233,-224
"St. Joseph County, Michigan",St. Joseph,26149,60931,60850,60874,-0.13,0.04,-0.09,-81,24,-57
"Sanilac County, Michigan",Sanilac,26151,40502,40604,40657,0.25,0.13,0.38,102,53,155
"Schoolcraft County, Michigan",Schoolcraft,26153,8056,8060,8188,0.05,1.59,1.64,4,128,132
"Shiawassee County, Michigan",Shiawassee,26155,68006,67998,68022,-0.01,0.04,0.02,-8,24,16
"Tuscola County, Michigan",Tuscola,26157,53310,53046,52945,-0.50,-0.19,-0.68,-264,-101,-365
"Van Buren County, Michigan",Van Buren,26159,75576,75703,75692,0.17,-0.01,0.15,127,-11,116
"Washtenaw County, Michigan",Washtenaw,26161,371817,364998,366376,-1.83,0.38,-1.46,-6819,1378,-5441
"Wayne County, Michigan",Wayne,26163,1789129,1773073,1757043,-0.90,-0.90,-1.79,-16056,-16030,-32086
"Wexford County, Michigan",Wexford,26165,33685,33940,34196,0.76,0.75,1.52,255,256,511
"Aitkin County, Minnesota",Aitkin,27001,15718,15945,16126,1.44,1.14,2.60,227,181,408
"Anoka County, Minnesota",Anoka,27003,364458,367416,368864,0.81,0.39,1.21,2958,1448,4406
"Becker County, Minnesota",Becker,27005,35194,35326,35371,0.38,0.13,0.50,132,45,177
"Beltrami County, Minnesota",Beltrami,27007,46243,46420,46799,0.38,0.82,1.20,177,379,556
"Benton County, Minnesota",Benton,27009,41357,41496,41463,0.34,-0.08,0.26,139,-33,106
"Big Stone County, Minnesota",Big Stone,27011,5158,5162,5144,0.08,-0.35,-0.27,4,-18,-14
"Blue Earth County, Minnesota",Blue Earth,27013,69211,69361,69631,0.22,0.39,0.61,150,270,420
"Brown County, Minnesota",Brown,27015,25903,25883,25723,-0.08,-0.62,-0.69,-20,-160,-180
"Carlton County, Minnesota",Carlton,27017,36193,36455,36708,0.72,0.69,1.42,262,253,515
"Carver County, Minnesota",Carver,27019,107284,108826,110034,1.44,1.11,2.56,1542,1208,2750
"Cass County, Minnesota",Cass,27021,30142,30638,31274,1.65,2.08,3.76,496,636,1132
"Chippewa County, Minnesota",Chippewa,27023,12596,12390,12284,-1.64,-0.86,-2.48,-206,-106,-312
"Chisago County, Minnesota",Chisago,27025,56713,57544,57988,1.47,0.77,2.25,831,444,1275
"Clay County, Minnesota",Clay,27027,65332,65665,65929,0.51,0.40,0.91,333,264,597
"Clearwater County, Minnesota",Clearwater,27029,8571,8574,8649,0.04,0.87,0.91,3,75,78
"Cook County, Minnesota",Cook,27031,5595,5623,5708,0.50,1.51,2.02,28,85,113
"Cottonwood County, Minnesota",Cottonwood,27033,11509,11578,11356,0.60,-1.92,-1.33,69,-222,-153
"Crow Wing County, Minnesota",Crow Wing,27035,66277,67345,67948,1.61,0.90,2.52,1068,603,1671
"Dakota County, Minnesota",Dakota,27037,440393,442773,443341,0.54,0.13,0.67,2380,568,2948
"Dodge County, Minnesota",Dodge,27039,20895,20964,20981,0.33,0.08,0.41,69,17,86
"Douglas County, Minnesota",Douglas,27041,39089,39305,39668,0.55,0.92,1.48,216,363,579
"Faribault County, Minnesota",Faribault,27043,13901,13910,13926,0.06,0.12,0.18,9,16,25
"Fillmore County, Minnesota",Fillmore,27045,21234,21303,21414,0.32,0.52,0.85,69,111,180
"Freeborn County, Minnesota",Freeborn,27047,30902,30808,30718,-0.30,-0.29,-0.60,-94,-90,-184
"Goodhue County, Minnesota",Goodhue,27049,47575,48018,48013,0.93,-0.01,0.92,443,-5,438
"Grant County, Minnesota",Grant,27051,6094,6161,6136,1.10,-0.41,0.69,67,-25,42
"Hennepin County, Minnesota",Hennepin,27053,1281568,1266736,1260121,-1.16,-0.52,-1.67,-14832,-6615,-21447
"Houston County, Minnesota",Houston,27055,18851,18829,18800,-0.12,-0.15,-0.27,-22,-29,-51
"Hubbard County, Minnesota",Hubbard,27057,21392,21745,21960,1.65,0.99,2.66,353,215,568
"Isanti County, Minnesota",Isanti,27059,41385,41951,42727,1.37,1.85,3.24,566,776,1342
"Itasca County, Minnesota",Itasca,27061,45035,45058,45205,0.05,0.33,0.38,23,147,170
"Jackson County, Minnesota",Jackson,27063,9992,10015,9893,0.23,-1.22,-0.99,23,-122,-99
"Kanabec County, Minnesota",Kanabec,27065,16049,16187,16463,0.86,1.71,2.58,138,276,414
"Kandiyohi County, Minnesota",Kandiyohi,27067,43726,43865,43839,0.32,-0.06,0.26,139,-26,113
"Kittson County, Minnesota",Kittson,27069,4198,4162,4059,-0.86,-2.47,-3.31,-36,-103,-139
"Koochiching County, Minnesota",Koochiching,27071,12025,11944,11844,-0.67,-0.84,-1.51,-81,-100,-181
"Lac qui Parle County, Minnesota",Lac qui Parle,27073,6702,6715,6689,0.19,-0.39,-0.19,13,-26,-13
"Lake County, Minnesota",Lake,27075,10918,11009,10939,0.83,-0.64,0.19,91,-70,21
"Lake of the Woods County, Minnesota",Lake of the Woods,27077,3764,3821,3871,1.51,1.31,2.84,57,50,107
"Le Sueur County, Minnesota",Le Sueur,27079,28639,28918,29153,0.97,0.81,1.79,279,235,514
"Lincoln County, Minnesota",Lincoln,27081,5628,5563,5580,-1.15,0.31,-0.85,-65,17,-48
"Lyon County, Minnesota",Lyon,27083,25170,25267,25262,0.39,-0.02,0.37,97,-5,92
"McLeod County, Minnesota",McLeod,27085,36738,36807,36714,0.19,-0.25,-0.07,69,-93,-24
"Mahnomen County, Minnesota",Mahnomen,27087,5372,5387,5328,0.28,-1.10,-0.82,15,-59,-44
"Marshall County, Minnesota",Marshall,27089,9026,8979,8861,-0.52,-1.31,-1.83,-47,-118,-165
"Martin County, Minnesota",Martin,27091,19982,19899,19650,-0.42,-1.25,-1.66,-83,-249,-332
"Meeker County, Minnesota",Meeker,27093,23431,23391,23496,-0.17,0.45,0.28,-40,105,65
"Mille Lacs County, Minnesota",Mille Lacs,27095,26462,26892,27280,1.62,1.44,3.09,430,388,818
"Morrison County, Minnesota",Morrison,27097,33995,34071,34246,0.22,0.51,0.74,76,175,251
"Mower County, Minnesota",Mower,27099,40054,40214,40140,0.40,-0.18,0.21,160,-74,86
"Murray County, Minnesota",Murray,27101,8172,8145,8060,-0.33,-1.04,-1.37,-27,-85,-112
"Nicollet County, Minnesota",Nicollet,27103,34504,34373,34441,-0.38,0.20,-0.18,-131,68,-63
"Nobles County, Minnesota",Nobles,27105,22207,22047,21947,-0.72,-0.45,-1.17,-160,-100,-260
"Norman County, Minnesota",Norman,27107,6435,6442,6377,0.11,-1.01,-0.90,7,-65,-58
"Olmsted County, Minnesota",Olmsted,27109,163028,163620,164020,0.36,0.24,0.61,592,400,992
"Otter Tail County, Minnesota",Otter Tail,27111,60072,60222,60519,0.25,0.49,0.74,150,297,447
"Pennington County, Minnesota",Pennington,27113,13950,13806,13845,-1.03,0.28,-0.75,-144,39,-105
"Pine County, Minnesota",Pine,27115,28889,29034,29446,0.50,1.42,1.93,145,412,557
"Pipestone County, Minnesota",Pipestone,27117,9414,9352,9355,-0.66,0.03,-0.63,-62,3,-59
"Polk County, Minnesota",Polk,27119,31083,30817,30731,-0.86,-0.28,-1.13,-266,-86,-352
"Pope County, Minnesota",Pope,27121,11326,11418,11431,0.81,0.11,0.93,92,13,105
"Ramsey County, Minnesota",Ramsey,27123,551699,542861,536413,-1.60,-1.19,-2.77,-8838,-6448,-15286
"Red Lake County, Minnesota",Red Lake,27125,3940,3932,3874,-0.20,-1.48,-1.68,-8,-58,-66
"Redwood County, Minnesota",Redwood,27127,15408,15397,15361,-0.07,-0.23,-0.31,-11,-36,-47
"Renville County, Minnesota",Renville,27129,14697,14628,14525,-0.47,-0.70,-1.17,-69,-103,-172
"Rice County, Minnesota",Rice,27131,67086,67375,67693,0.43,0.47,0.90,289,318,607
"Rock County, Minnesota",Rock,27133,9684,9674,9537,-0.10,-1.42,-1.52,-10,-137,-147
"Roseau County, Minnesota",Roseau,27135,15293,15260,15292,-0.22,0.21,-0.01,-33,32,-1
"St. Louis County, Minnesota",St. Louis,27137,200064,199332,199532,-0.37,0.10,-0.27,-732,200,-532
"Scott County, Minnesota",Scott,27139,151350,153408,154520,1.36,0.72,2.09,2058,1112,3170
"Sherburne County, Minnesota",Sherburne,27141,97580,99248,100824,1.71,1.59,3.32,1668,1576,3244
"Sibley County, Minnesota",Sibley,27143,14810,14927,14955,0.79,0.19,0.98,117,28,145
"Stearns County, Minnesota",Stearns,27145,158467,159144,160405,0.43,0.79,1.22,677,1261,1938
"Steele County, Minnesota",Steele,27147,37375,37409,37398,0.09,-0.03,0.06,34,-11,23
"Stevens County, Minnesota",Stevens,27149,9666,9704,9637,0.39,-0.69,-0.30,38,-67,-29
"Swift County, Minnesota",Swift,27151,9804,9781,9755,-0.23,-0.27,-0.50,-23,-26,-49
"Todd County, Minnesota",Todd,27153,25277,25307,25538,0.12,0.91,1.03,30,231,261
"Traverse County, Minnesota",Traverse,27155,3361,3287,3275,-2.20,-0.37,-2.56,-74,-12,-86
"Wabasha County, Minnesota",Wabasha,27157,21400,21514,21658,0.53,0.67,1.21,114,144,258
"Wadena County, Minnesota",Wadena,27159,14119,14184,14307,0.46,0.87,1.33,65,123,188
"Waseca County, Minnesota",Waseca,27161,18964,18992,18893,0.15,-0.52,-0.37,28,-99,-71
"Washington County, Minnesota",Washington,27163,268372,272610,275912,1.58,1.21,2.81,4238,3302,7540
"Watonwan County, Minnesota",Watonwan,27165,11231,11158,11075,-0.65,-0.74,-1.39,-73,-83,-156
"Wilkin County, Minnesota",Wilkin,27167,6482,6410,6350,-1.11,-0.94,-2.04,-72,-60,-132
"Winona County, Minnesota",Winona,27169,49640,49750,49478,0.22,-0.55,-0.33,110,-272,-162
"Wright County, Minnesota",Wright,27171,141860,145143,148003,2.31,1.97,4.33,3283,2860,6143
"Yellow Medicine County, Minnesota",Yellow Medicine,27173,9504,9446,9486,-0.61,0.42,-0.19,-58,40,-18
"Adams County, Mississippi",Adams,28001,29419,28804,28408,-2.09,-1.37,-3.44,-615,-396,-1011
"Alcorn County, Mississippi",Alcorn,28003,34727,34429,34204,-0.86,-0.65,-1.51,-298,-225,-523
"Amite County, Mississippi",Amite,28005,12699,12644,12619,-0.43,-0.20,-0.63,-55,-25,-80
"Attala County, Mississippi",Attala,28007,17816,17706,17509,-0.62,-1.11,-1.72,-110,-197,-307
"Benton County, Mississippi",Benton,28009,7661,7630,7550,-0.40,-1.05,-1.45,-31,-80,-111
"Bolivar County, Mississippi",Bolivar,28011,30827,30180,29370,-2.10,-2.68,-4.73,-647,-810,-1457
"Calhoun County, Mississippi",Calhoun,28013,13222,12936,12781,-2.16,-1.20,-3.34,-286,-155,-441
"Carroll County, Mississippi",Carroll,28015,9930,9817,9731,-1.14,-0.88,-2.00,-113,-86,-199
"Chickasaw County, Mississippi",Chickasaw,28017,17078,16973,16812,-0.61,-0.95,-1.56,-105,-161,-266
"Choctaw County, Mississippi",Choctaw,28019,8208,8113,8037,-1.16,-0.94,-2.08,-95,-76,-171
"Claiborne County, Mississippi",Claiborne,28021,9099,8898,8805,-2.21,-1.05,-3.23,-201,-93,-294
"Clarke County, Mississippi",Clarke,28023,15546,15457,15271,-0.57,-1.20,-1.77,-89,-186,-275
"Clay County, Mississippi",Clay,28025,18621,18500,18380,-0.65,-0.65,-1.29,-121,-120,-241
"Coahoma County, Mississippi",Coahoma,28027,21230,20732,20197,-2.35,-2.58,-4.87,-498,-535,-1033
"Copiah County, Mississippi",Copiah,28029,28268,27927,27719,-1.21,-0.74,-1.94,-341,-208,-549
"Covington County, Mississippi",Covington,28031,18298,18250,18098,-0.26,-0.83,-1.09,-48,-152,-200
"DeSoto County, Mississippi",DeSoto,28033,186107,189042,191723,1.58,1.42,3.02,2935,2681,5616
"Forrest County, Mississippi",Forrest,28035,78185,77883,78110,-0.39,0.29,-0.10,-302,227,-75
"Franklin County, Mississippi",Franklin,28037,7665,7689,7642,0.31,-0.61,-0.30,24,-47,-23
"George County, Mississippi",George,28039,24364,24793,25206,1.76,1.67,3.46,429,413,842
"Greene County, Mississippi",Greene,28041,13530,13643,13552,0.84,-0.67,0.16,113,-91,22
"Grenada County, Mississippi",Grenada,28043,21572,21312,21088,-1.21,-1.05,-2.24,-260,-224,-484
"Hancock County, Mississippi",Hancock,28045,46117,46046,46094,-0.15,0.10,-0.05,-71,48,-23
"Harrison County, Mississippi",Harrison,28047,208811,209642,211044,0.40,0.67,1.07,831,1402,2233
"Hinds County, Mississippi",Hinds,28049,226763,222508,217730,-1.88,-2.15,-3.98,-4255,-4778,-9033
"Holmes County, Mississippi",Holmes,28051,16879,16476,16121,-2.39,-2.15,-4.49,-403,-355,-758
"Humphreys County, Mississippi",Humphreys,28053,7735,7548,7333,-2.42,-2.85,-5.20,-187,-215,-402
"Issaquena County, Mississippi",Issaquena,28055,1325,1297,1273,-2.11,-1.85,-3.92,-28,-24,-52
"Itawamba County, Mississippi",Itawamba,28057,23862,23866,23903,0.02,0.16,0.17,4,37,41
"Jackson County, Mississippi",Jackson,28059,143377,144438,144975,0.74,0.37,1.11,1061,537,1598
"Jasper County, Mississippi",Jasper,28061,16352,16265,16167,-0.53,-0.60,-1.13,-87,-98,-185
"Jefferson County, Mississippi",Jefferson,28063,7249,7156,7087,-1.28,-0.96,-2.23,-93,-69,-162
"Jefferson Davis County, Mississippi",Jefferson Davis,28065,11271,11158,11088,-1.00,-0.63,-1.62,-113,-70,-183
"Jones County, Mississippi",Jones,28067,67163,66839,66569,-0.48,-0.40,-0.88,-324,-270,-594
"Kemper County, Mississippi",Kemper,28069,8956,8781,8654,-1.95,-1.45,-3.37,-175,-127,-302
"Lafayette County, Mississippi",Lafayette,28071,55907,56857,57615,1.70,1.33,3.06,950,758,1708
"Lamar County, Mississippi",Lamar,28073,64384,65395,65783,1.57,0.59,2.17,1011,388,1399
"Lauderdale County, Mississippi",Lauderdale,28075,72672,71871,70904,-1.10,-1.35,-2.43,-801,-967,-1768
"Lawrence County, Mississippi",Lawrence,28077,11982,11774,11713,-1.74,-0.52,-2.25,-208,-61,-269
"Leake County, Mississippi",Leake,28079,21245,21247,21135,0.01,-0.53,-0.52,2,-112,-110
"Lee County, Mississippi",Lee,28081,83310,83043,82959,-0.32,-0.10,-0.42,-267,-84,-351
"Leflore County, Mississippi",Leflore,28083,28191,27398,26570,-2.81,-3.02,-5.75,-793,-828,-1621
"Lincoln County, Mississippi",Lincoln,28085,34822,34907,34717,0.24,-0.54,-0.30,85,-190,-105
"Lowndes County, Mississippi",Lowndes,28087,58767,58129,57603,-1.09,-0.90,-1.98,-638,-526,-1164
"Madison County, Mississippi",Madison,28089,109251,109919,111113,0.61,1.09,1.70,668,1194,1862
"Marion County, Mississippi",Marion,28091,24370,24271,24050,-0.41,-0.91,-1.31,-99,-221,-320
"Marshall County, Mississippi",Marshall,28093,33778,33820,34110,0.12,0.86,0.98,42,290,332
"Monroe County, Mississippi",Monroe,28095,34138,33913,33577,-0.66,-0.99,-1.64,-225,-336,-561
"Montgomery County, Mississippi",Montgomery,28097,9796,9704,9530,-0.94,-1.79,-2.72,-92,-174,-266
"Neshoba County, Mississippi",Neshoba,28099,28988,28863,28673,-0.43,-0.66,-1.09,-125,-190,-315
"Newton County, Mississippi",Newton,28101,21255,21117,21029,-0.65,-0.42,-1.06,-138,-88,-226
"Noxubee County, Mississippi",Noxubee,28103,10228,10114,9990,-1.11,-1.23,-2.33,-114,-124,-238
"Oktibbeha County, Mississippi",Oktibbeha,28105,51698,51808,51427,0.21,-0.74,-0.52,110,-381,-271
"Panola County, Mississippi",Panola,28107,33171,32919,32661,-0.76,-0.78,-1.54,-252,-258,-510
"Pearl River County, Mississippi",Pearl River,28109,56198,56505,57261,0.55,1.34,1.89,307,756,1063
"Perry County, Mississippi",Perry,28111,11458,11490,11368,0.28,-1.06,-0.79,32,-122,-90
"Pike County, Mississippi",Pike,28113,40190,39957,39644,-0.58,-0.78,-1.36,-233,-313,-546
"Pontotoc County, Mississippi",Pontotoc,28115,31194,31336,31389,0.46,0.17,0.63,142,53,195
"Prentiss County, Mississippi",Prentiss,28117,24962,24921,24792,-0.16,-0.52,-0.68,-41,-129,-170
"Quitman County, Mississippi",Quitman,28119,6154,5911,5701,-3.95,-3.55,-7.36,-243,-210,-453
"Rankin County, Mississippi",Rankin,28121,157149,158183,158979,0.66,0.50,1.16,1034,796,1830
"Scott County, Mississippi",Scott,28123,27968,27650,27707,-1.14,0.21,-0.93,-318,57,-261
"Sharkey County, Mississippi",Sharkey,28125,3769,3648,3488,-3.21,-4.39,-7.46,-121,-160,-281
"Simpson County, Mississippi",Simpson,28127,25892,25686,25587,-0.80,-0.39,-1.18,-206,-99,-305
"Smith County, Mississippi",Smith,28129,14194,14191,14092,-0.02,-0.70,-0.72,-3,-99,-102
"Stone County, Mississippi",Stone,28131,18332,18589,18669,1.40,0.43,1.84,257,80,337
"Sunflower County, Mississippi",Sunflower,28133,25853,25328,24811,-2.03,-2.04,-4.03,-525,-517,-1042
"Tallahatchie County, Mississippi",Tallahatchie,28135,12650,12302,12035,-2.75,-2.17,-4.86,-348,-267,-615
"Tate County, Mississippi",Tate,28137,28117,28118,28296,0.00,0.63,0.64,1,178,179
"Tippah County, Mississippi",Tippah,28139,21732,21614,21431,-0.54,-0.85,-1.39,-118,-183,-301
"Tishomingo County, Mississippi",Tishomingo,28141,18843,18732,18619,-0.59,-0.60,-1.19,-111,-113,-224
"Tunica County, Mississippi",Tunica,28143,9723,9652,9458,-0.73,-2.01,-2.73,-71,-194,-265
"Union County, Mississippi",Union,28145,27810,28001,28125,0.69,0.44,1.13,191,124,315
"Walthall County, Mississippi",Walthall,28147,13868,13804,13761,-0.46,-0.31,-0.77,-64,-43,-107
"Warren County, Mississippi",Warren,28149,44544,43450,42649,-2.46,-1.84,-4.25,-1094,-801,-1895
"Washington County, Mississippi",Washington,28151,44631,43641,42514,-2.22,-2.58,-4.74,-990,-1127,-2117
"Wayne County, Mississippi",Wayne,28153,19803,19712,19681,-0.46,-0.16,-0.62,-91,-31,-122
"Webster County, Mississippi",Webster,28155,9901,9981,9993,0.81,0.12,0.93,80,12,92
"Wilkinson County, Mississippi",Wilkinson,28157,8524,8288,8143,-2.77,-1.75,-4.47,-236,-145,-381
"Winston County, Mississippi",Winston,28159,17683,17608,17543,-0.42,-0.37,-0.79,-75,-65,-140
"Yalobusha County, Mississippi",Yalobusha,28161,12443,12409,12364,-0.27,-0.36,-0.63,-34,-45,-79
"Yazoo County, Mississippi",Yazoo,28163,26671,26432,25948,-0.90,-1.83,-2.71,-239,-484,-723
"Adair County, Missouri",Adair,29001,25269,25179,25165,-0.36,-0.06,-0.41,-90,-14,-104
"Andrew County, Missouri",Andrew,29003,18098,18009,18003,-0.49,-0.03,-0.52,-89,-6,-95
"Atchison County, Missouri",Atchison,29005,5308,5227,5182,-1.53,-0.86,-2.37,-81,-45,-126
"Audrain County, Missouri",Audrain,29007,24798,24824,24434,0.10,-1.57,-1.47,26,-390,-364
"Barry County, Missouri",Barry,29009,34541,34733,34926,0.56,0.56,1.11,192,193,385
"Barton County, Missouri",Barton,29011,11608,11649,11694,0.35,0.39,0.74,41,45,86
"Bates County, Missouri",Bates,29013,16045,16084,16177,0.24,0.58,0.82,39,93,132
"Benton County, Missouri",Benton,29015,19424,19916,20224,2.53,1.55,4.12,492,308,800
"Bollinger County, Missouri",Bollinger,29017,10559,10578,10518,0.18,-0.57,-0.39,19,-60,-41
"Boone County, Missouri",Boone,29019,184035,186075,187690,1.11,0.87,1.99,2040,1615,3655
"Buchanan County, Missouri",Buchanan,29021,84460,83655,82911,-0.95,-0.89,-1.83,-805,-744,-1549
"Butler County, Missouri",Butler,29023,42059,42150,42179,0.22,0.07,0.29,91,29,120
"Caldwell County, Missouri",Caldwell,29025,8824,8896,8933,0.82,0.42,1.24,72,37,109
"Callaway County, Missouri",Callaway,29027,44337,44667,44762,0.74,0.21,0.96,330,95,425
"Camden County, Missouri",Camden,29029,42802,43527,43768,1.69,0.55,2.26,725,241,966
"Cape Girardeau County, Missouri",Cape Girardeau,29031,81811,82147,82899,0.41,0.92,1.33,336,752,1088
"Carroll County, Missouri",Carroll,29033,8468,8403,8423,-0.77,0.24,-0.53,-65,20,-45
"Carter County, Missouri",Carter,29035,5202,5339,5268,2.63,-1.33,1.27,137,-71,66
"Cass County, Missouri",Cass,29037,108145,109751,110394,1.49,0.59,2.08,1606,643,2249
"Cedar County, Missouri",Cedar,29039,14210,14518,14601,2.17,0.57,2.75,308,83,391
"Chariton County, Missouri",Chariton,29041,7384,7361,7386,-0.31,0.34,0.03,-23,25,2
"Christian County, Missouri",Christian,29043,89284,91541,93114,2.53,1.72,4.29,2257,1573,3830
"Clark County, Missouri",Clark,29045,6661,6738,6723,1.16,-0.22,0.93,77,-15,62
"Clay County, Missouri",Clay,29047,254112,255860,257033,0.69,0.46,1.15,1748,1173,2921
"Clinton County, Missouri",Clinton,29049,21210,21258,21328,0.23,0.33,0.56,48,70,118
"Cole County, Missouri",Cole,29051,76614,76631,76969,0.02,0.44,0.46,17,338,355
"Cooper County, Missouri",Cooper,29053,16648,16672,16772,0.14,0.60,0.74,24,100,124
"Crawford County, Missouri",Crawford,29055,23037,22818,22659,-0.95,-0.70,-1.64,-219,-159,-378
"Dade County, Missouri",Dade,29057,7587,7600,7660,0.17,0.79,0.96,13,60,73
"Dallas County, Missouri",Dallas,29059,17130,17371,17626,1.41,1.47,2.90,241,255,496
"Daviess County, Missouri",Daviess,29061,8425,8385,8435,-0.47,0.60,0.12,-40,50,10
"DeKalb County, Missouri",DeKalb,29063,11610,11708,11336,0.84,-3.18,-2.36,98,-372,-274
"Dent County, Missouri",Dent,29065,14389,14428,14467,0.27,0.27,0.54,39,39,78
"Douglas County, Missouri",Douglas,29067,11604,11754,11975,1.29,1.88,3.20,150,221,371
"Dunklin County, Missouri",Dunklin,29069,28217,27751,27406,-1.65,-1.24,-2.87,-466,-345,-811
"Franklin County, Missouri",Franklin,29071,104853,105328,105879,0.45,0.52,0.98,475,551,1026
"Gasconade County, Missouri",Gasconade,29073,14760,14791,14768,0.21,-0.16,0.05,31,-23,8
"Gentry County, Missouri",Gentry,29075,6134,6169,6253,0.57,1.36,1.94,35,84,119
"Greene County, Missouri",Greene,29077,299312,301118,303293,0.60,0.72,1.33,1806,2175,3981
"Grundy County, Missouri",Grundy,29079,9761,9761,9838,0.00,0.79,0.79,0,77,77
"Harrison County, Missouri",Harrison,29081,8156,8170,8199,0.17,0.35,0.53,14,29,43
"Henry County, Missouri",Henry,29083,21974,22221,22438,1.12,0.98,2.11,247,217,464
"Hickory County, Missouri",Hickory,29085,8301,8594,8630,3.53,0.42,3.96,293,36,329
"Holt County, Missouri",Holt,29087,4184,4241,4262,1.36,0.50,1.86,57,21,78
"Howard County, Missouri",Howard,29089,10151,10128,10168,-0.23,0.39,0.17,-23,40,17
"Howell County, Missouri",Howell,29091,39793,39980,40631,0.47,1.63,2.11,187,651,838
"Iron County, Missouri",Iron,29093,9514,9421,9414,-0.98,-0.07,-1.05,-93,-7,-100
"Jackson County, Missouri",Jackson,29095,717572,717616,716531,0.01,-0.15,-0.15,44,-1085,-1041
"Jasper County, Missouri",Jasper,29097,122878,123325,124075,0.36,0.61,0.97,447,750,1197
"Jefferson County, Missouri",Jefferson,29099,226927,227934,229336,0.44,0.62,1.06,1007,1402,2409
"Johnson County, Missouri",Johnson,29101,54018,54170,54368,0.28,0.37,0.65,152,198,350
"Knox County, Missouri",Knox,29103,3739,3787,3776,1.28,-0.29,0.99,48,-11,37
"Laclede County, Missouri",Laclede,29105,36044,36135,36313,0.25,0.49,0.75,91,178,269
"Lafayette County, Missouri",Lafayette,29107,33062,32832,32961,-0.70,0.39,-0.31,-230,129,-101
"Lawrence County, Missouri",Lawrence,29109,37977,38268,38683,0.77,1.08,1.86,291,415,706
"Lewis County, Missouri",Lewis,29111,10039,9986,9891,-0.53,-0.95,-1.47,-53,-95,-148
"Lincoln County, Missouri",Lincoln,29113,59849,61654,63155,3.02,2.43,5.52,1805,1501,3306
"Linn County, Missouri",Linn,29115,11852,11843,11820,-0.08,-0.19,-0.27,-9,-23,-32
"Livingston County, Missouri",Livingston,29117,13988,14223,14402,1.68,1.26,2.96,235,179,414
"McDonald County, Missouri",McDonald,29119,23286,23428,23588,0.61,0.68,1.30,142,160,302
"Macon County, Missouri",Macon,29121,15197,15167,15049,-0.20,-0.78,-0.97,-30,-118,-148
"Madison County, Missouri",Madison,29123,12626,12671,12753,0.36,0.65,1.01,45,82,127
"Maries County, Missouri",Maries,29125,8452,8422,8431,-0.35,0.11,-0.25,-30,9,-21
"Marion County, Missouri",Marion,29127,28480,28502,28438,0.08,-0.22,-0.15,22,-64,-42
"Mercer County, Missouri",Mercer,29129,3513,3469,3437,-1.25,-0.92,-2.16,-44,-32,-76
"Miller County, Missouri",Miller,29131,24770,24943,25403,0.70,1.84,2.56,173,460,633
"Mississippi County, Missouri",Mississippi,29133,12130,12129,11688,-0.01,-3.64,-3.64,-1,-441,-442
"Moniteau County, Missouri",Moniteau,29135,15213,15284,15220,0.47,-0.42,0.05,71,-64,7
"Monroe County, Missouri",Monroe,29137,8686,8720,8652,0.39,-0.78,-0.39,34,-68,-34
"Montgomery County, Missouri",Montgomery,29139,11287,11429,11470,1.26,0.36,1.62,142,41,183
"Morgan County, Missouri",Morgan,29141,20990,21417,21785,2.03,1.72,3.79,427,368,795
"New Madrid County, Missouri",New Madrid,29143,16331,16024,15695,-1.88,-2.05,-3.89,-307,-329,-636
"Newton County, Missouri",Newton,29145,58684,59437,60011,1.28,0.97,2.26,753,574,1327
"Nodaway County, Missouri",Nodaway,29147,21000,20984,20670,-0.08,-1.50,-1.57,-16,-314,-330
"Oregon County, Missouri",Oregon,29149,8611,8639,8732,0.33,1.08,1.41,28,93,121
"Osage County, Missouri",Osage,29151,13265,13409,13399,1.09,-0.07,1.01,144,-10,134
"Ozark County, Missouri",Ozark,29153,8520,8774,8940,2.98,1.89,4.93,254,166,420
"Pemiscot County, Missouri",Pemiscot,29155,15585,15225,14841,-2.31,-2.52,-4.77,-360,-384,-744
"Perry County, Missouri",Perry,29157,18969,18956,18858,-0.07,-0.52,-0.59,-13,-98,-111
"Pettis County, Missouri",Pettis,29159,43001,43206,43353,0.48,0.34,0.82,205,147,352
"Phelps County, Missouri",Phelps,29161,44560,44949,45313,0.87,0.81,1.69,389,364,753
"Pike County, Missouri",Pike,29163,17408,17602,17664,1.11,0.35,1.47,194,62,256
"Platte County, Missouri",Platte,29165,107168,108720,110534,1.45,1.67,3.14,1552,1814,3366
"Polk County, Missouri",Polk,29167,31612,32089,32693,1.51,1.88,3.42,477,604,1081
"Pulaski County, Missouri",Pulaski,29169,54017,53850,53941,-0.31,0.17,-0.14,-167,91,-76
"Putnam County, Missouri",Putnam,29171,4690,4696,4666,0.13,-0.64,-0.51,6,-30,-24
"Ralls County, Missouri",Ralls,29173,10357,10378,10420,0.20,0.40,0.61,21,42,63
"Randolph County, Missouri",Randolph,29175,24454,24569,24622,0.47,0.22,0.69,115,53,168
"Ray County, Missouri",Ray,29177,23129,23061,23107,-0.29,0.20,-0.10,-68,46,-22
"Reynolds County, Missouri",Reynolds,29179,6077,6082,6006,0.08,-1.25,-1.17,5,-76,-71
"Ripley County, Missouri",Ripley,29181,10670,10619,10703,-0.48,0.79,0.31,-51,84,33
"St. Charles County, Missouri",St. Charles,29183,406385,410511,413803,1.02,0.80,1.83,4126,3292,7418
"St. Clair County, Missouri",St. Clair,29185,9351,9404,9576,0.57,1.83,2.41,53,172,225
"Ste. Genevieve County, Missouri",Ste. Genevieve,29186,18474,18571,18644,0.53,0.39,0.92,97,73,170
"St. Francois County, Missouri",St. Francois,29187,66437,67057,66969,0.93,-0.13,0.80,620,-88,532
"St. Louis County, Missouri",St. Louis,29189,1003056,998227,990414,-0.48,-0.78,-1.26,-4829,-7813,-12642
"Saline County, Missouri",Saline,29195,23323,23241,23007,-0.35,-1.01,-1.35,-82,-234,-316
"Schuyler County, Missouri",Schuyler,29197,4010,4021,4002,0.27,-0.47,-0.20,11,-19,-8
"Scotland County, Missouri",Scotland,29199,4699,4679,4643,-0.43,-0.77,-1.19,-20,-36,-56
"Scott County, Missouri",Scott,29201,38020,37856,37840,-0.43,-0.04,-0.47,-164,-16,-180
"Shannon County, Missouri",Shannon,29203,7028,7085,7193,0.81,1.52,2.35,57,108,165
"Shelby County, Missouri",Shelby,29205,6088,5957,5982,-2.15,0.42,-1.74,-131,25,-106
"Stoddard County, Missouri",Stoddard,29207,28644,28482,28377,-0.57,-0.37,-0.93,-162,-105,-267
"Stone County, Missouri",Stone,29209,31206,31605,32136,1.28,1.68,2.98,399,531,930
"Sullivan County, Missouri",Sullivan,29211,5987,5916,5840,-1.19,-1.28,-2.46,-71,-76,-147
"Taney County, Missouri",Taney,29213,56057,56334,56821,0.49,0.86,1.36,277,487,764
"Texas County, Missouri",Texas,29215,24326,24893,25336,2.33,1.78,4.15,567,443,1010
"Vernon County, Missouri",Vernon,29217,19669,19605,19651,-0.33,0.23,-0.09,-64,46,-18
"Warren County, Missouri",Warren,29219,35740,36529,37260,2.21,2.00,4.25,789,731,1520
"Washington County, Missouri",Washington,29221,23416,23444,23441,0.12,-0.01,0.11,28,-3,25
"Wayne County, Missouri",Wayne,29223,10933,10907,10792,-0.24,-1.05,-1.29,-26,-115,-141
"Webster County, Missouri",Webster,29225,39002,39580,40335,1.48,1.91,3.42,578,755,1333
"Worth County, Missouri",Worth,29227,1962,1969,1955,0.36,-0.71,-0.36,7,-14,-7
"Wright County, Missouri",Wright,29229,18211,18640,19156,2.36,2.77,5.19,429,516,945
"St. Louis city, Missouri",St. Louis,29510,300483,293562,286578,-2.30,-2.38,-4.63,-6921,-6984,-13905
"Beaverhead County, Montana",Beaverhead,30001,9381,9532,9719,1.61,1.96,3.60,151,187,338
"Big Horn County, Montana",Big Horn,30003,13082,12932,12851,-1.15,-0.63,-1.77,-150,-81,-231
"Blaine County, Montana",Blaine,30005,7005,6982,6936,-0.33,-0.66,-0.99,-23,-46,-69
"Broadwater County, Montana",Broadwater,30007,6857,7323,7793,6.80,6.42,13.65,466,470,936
"Carbon County, Montana",Carbon,30009,10510,10862,11179,3.35,2.92,6.37,352,317,669
"Carter County, Montana",Carter,30011,1408,1410,1382,0.14,-1.99,-1.85,2,-28,-26
"Cascade County, Montana",Cascade,30013,84402,84498,84864,0.11,0.43,0.55,96,366,462
"Chouteau County, Montana",Chouteau,30015,5895,5916,5898,0.36,-0.30,0.05,21,-18,3
"Custer County, Montana",Custer,30017,11863,11971,12032,0.91,0.51,1.42,108,61,169
"Daniels County, Montana",Daniels,30019,1653,1669,1628,0.97,-2.46,-1.51,16,-41,-25
"Dawson County, Montana",Dawson,30021,8923,8866,8830,-0.64,-0.41,-1.04,-57,-36,-93
"Deer Lodge County, Montana",Deer Lodge,30023,9420,9506,9510,0.91,0.04,0.96,86,4,90
"Fallon County, Montana",Fallon,30025,3028,2984,3011,-1.45,0.90,-0.56,-44,27,-17
"Fergus County, Montana",Fergus,30027,11469,11609,11663,1.22,0.47,1.69,140,54,194
"Flathead County, Montana",Flathead,30029,104862,108725,111814,3.68,2.84,6.63,3863,3089,6952
"Gallatin County, Montana",Gallatin,30031,119585,123051,124857,2.90,1.47,4.41,3466,1806,5272
"Garfield County, Montana",Garfield,30033,1170,1210,1218,3.42,0.66,4.10,40,8,48
"Glacier County, Montana",Glacier,30035,13737,13743,13681,0.04,-0.45,-0.41,6,-62,-56
"Golden Valley County, Montana",Golden Valley,30037,821,818,835,-0.37,2.08,1.71,-3,17,14
"Granite County, Montana",Granite,30039,3308,3355,3502,1.42,4.38,5.86,47,147,194
"Hill County, Montana",Hill,30041,16263,16175,16068,-0.54,-0.66,-1.20,-88,-107,-195
"Jefferson County, Montana",Jefferson,30043,12140,12472,12826,2.73,2.84,5.65,332,354,686
"Judith Basin County, Montana",Judith Basin,30045,2025,2052,2105,1.33,2.58,3.95,27,53,80
"Lake County, Montana",Lake,30047,31246,32075,32853,2.65,2.43,5.14,829,778,1607
"Lewis and Clark County, Montana",Lewis and Clark,30049,71168,72503,73832,1.88,1.83,3.74,1335,1329,2664
"Liberty County, Montana",Liberty,30051,1956,1934,1972,-1.12,1.96,0.82,-22,38,16
"Lincoln County, Montana",Lincoln,30053,19739,20571,21525,4.22,4.64,9.05,832,954,1786
"McCone County, Montana",McCone,30055,1730,1711,1709,-1.10,-0.12,-1.21,-19,-2,-21
"Madison County, Montana",Madison,30057,8660,8944,9265,3.28,3.59,6.99,284,321,605
"Meagher County, Montana",Meagher,30059,1922,1960,2013,1.98,2.70,4.73,38,53,91
"Mineral County, Montana",Mineral,30061,4565,4868,5058,6.64,3.90,10.80,303,190,493
"Missoula County, Montana",Missoula,30063,118337,119806,121041,1.24,1.03,2.28,1469,1235,2704
"Musselshell County, Montana",Musselshell,30065,4745,4912,5197,3.52,5.80,9.53,167,285,452
"Park County, Montana",Park,30067,17224,17531,17790,1.78,1.48,3.29,307,259,566
"Petroleum County, Montana",Petroleum,30069,500,522,524,4.40,0.38,4.80,22,2,24
"Phillips County, Montana",Phillips,30071,4208,4216,4240,0.19,0.57,0.76,8,24,32
"Pondera County, Montana",Pondera,30073,5879,6018,6078,2.36,1.00,3.38,139,60,199
"Powder River County, Montana",Powder River,30075,1693,1707,1725,0.83,1.05,1.89,14,18,32
"Powell County, Montana",Powell,30077,6941,7012,7051,1.02,0.56,1.58,71,39,110
"Prairie County, Montana",Prairie,30079,1093,1101,1107,0.73,0.54,1.28,8,6,14
"Ravalli County, Montana",Ravalli,30081,44409,46125,47298,3.86,2.54,6.51,1716,1173,2889
"Richland County, Montana",Richland,30083,11531,11342,11237,-1.64,-0.93,-2.55,-189,-105,-294
"Roosevelt County, Montana",Roosevelt,30085,10794,10808,10572,0.13,-2.18,-2.06,14,-236,-222
"Rosebud County, Montana",Rosebud,30087,8305,8077,8088,-2.75,0.14,-2.61,-228,11,-217
"Sanders County, Montana",Sanders,30089,12463,12975,13442,4.11,3.60,7.86,512,467,979
"Sheridan County, Montana",Sheridan,30091,3536,3569,3564,0.93,-0.14,0.79,33,-5,28
"Silver Bow County, Montana",Silver Bow,30093,35201,35554,36068,1.00,1.45,2.46,353,514,867
"Stillwater County, Montana",Stillwater,30095,8997,9026,9177,0.32,1.67,2.00,29,151,180
"Sweet Grass County, Montana",Sweet Grass,30097,3670,3705,3715,0.95,0.27,1.23,35,10,45
"Teton County, Montana",Teton,30099,6256,6282,6368,0.42,1.37,1.79,26,86,112
"Toole County, Montana",Toole,30101,4970,5010,5082,0.80,1.44,2.25,40,72,112
"Treasure County, Montana",Treasure,30103,758,769,758,1.45,-1.43,0.00,11,-11,0
"Valley County, Montana",Valley,30105,7556,7556,7513,0.00,-0.57,-0.57,0,-43,-43
"Wheatland County, Montana",Wheatland,30107,2083,2045,2032,-1.82,-0.64,-2.45,-38,-13,-51
"Wibaux County, Montana",Wibaux,30109,937,935,919,-0.21,-1.71,-1.92,-2,-16,-18
"Yellowstone County, Montana",Yellowstone,30111,165196,167397,169852,1.33,1.47,2.82,2201,2455,4656
"Adams County, Nebraska",Adams,31001,31177,30990,30970,-0.60,-0.06,-0.66,-187,-20,-207
"Antelope County, Nebraska",Antelope,31003,6278,6292,6293,0.22,0.02,0.24,14,1,15
"Arthur County, Nebraska",Arthur,31005,432,441,433,2.08,-1.81,0.23,9,-8,1
"Banner County, Nebraska",Banner,31007,677,689,660,1.77,-4.21,-2.51,12,-29,-17
"Blaine County, Nebraska",Blaine,31009,431,461,453,6.96,-1.74,5.10,30,-8,22
"Boone County, Nebraska",Boone,31011,5359,5400,5385,0.77,-0.28,0.49,41,-15,26
"Box Butte County, Nebraska",Box Butte,31013,10826,10647,10672,-1.65,0.23,-1.42,-179,25,-154
"Boyd County, Nebraska",Boyd,31015,1805,1786,1741,-1.05,-2.52,-3.55,-19,-45,-64
"Brown County, Nebraska",Brown,31017,2902,2912,2872,0.34,-1.37,-1.03,10,-40,-30
"Buffalo County, Nebraska",Buffalo,31019,50195,50310,50586,0.23,0.55,0.78,115,276,391
"Burt County, Nebraska",Burt,31021,6721,6706,6755,-0.22,0.73,0.51,-15,49,34
"Butler County, Nebraska",Butler,31023,8345,8425,8427,0.96,0.02,0.98,80,2,82
"Cass County, Nebraska",Cass,31025,26601,27071,27122,1.77,0.19,1.96,470,51,521
"Cedar County, Nebraska",Cedar,31027,8372,8325,8371,-0.56,0.55,-0.01,-47,46,-1
"Chase County, Nebraska",Chase,31029,3887,3829,3772,-1.49,-1.49,-2.96,-58,-57,-115
"Cherry County, Nebraska",Cherry,31031,5454,5447,5464,-0.13,0.31,0.18,-7,17,10
"Cheyenne County, Nebraska",Cheyenne,31033,9486,9502,9511,0.17,0.09,0.26,16,9,25
"Clay County, Nebraska",Clay,31035,6105,6047,6049,-0.95,0.03,-0.92,-58,2,-56
"Colfax County, Nebraska",Colfax,31037,10557,10474,10444,-0.79,-0.29,-1.07,-83,-30,-113
"Cuming County, Nebraska",Cuming,31039,9008,8972,8929,-0.40,-0.48,-0.88,-36,-43,-79
"Custer County, Nebraska",Custer,31041,10493,10476,10476,-0.16,0.00,-0.16,-17,0,-17
"Dakota County, Nebraska",Dakota,31043,21552,21256,21042,-1.37,-1.01,-2.37,-296,-214,-510
"Dawes County, Nebraska",Dawes,31045,8150,8131,8241,-0.23,1.35,1.12,-19,110,91
"Dawson County, Nebraska",Dawson,31047,24086,23934,23884,-0.63,-0.21,-0.84,-152,-50,-202
"Deuel County, Nebraska",Deuel,31049,1831,1857,1902,1.42,2.42,3.88,26,45,71
"Dixon County, Nebraska",Dixon,31051,5582,5546,5464,-0.64,-1.48,-2.11,-36,-82,-118
"Dodge County, Nebraska",Dodge,31053,37110,37120,36997,0.03,-0.33,-0.30,10,-123,-113
"Douglas County, Nebraska",Douglas,31055,585386,585467,586327,0.01,0.15,0.16,81,860,941
"Dundy County, Nebraska",Dundy,31057,1654,1630,1590,-1.45,-2.45,-3.87,-24,-40,-64
"Fillmore County, Nebraska",Fillmore,31059,5572,5555,5553,-0.31,-0.04,-0.34,-17,-2,-19
"Franklin County, Nebraska",Franklin,31061,2890,2891,2873,0.03,-0.62,-0.59,1,-18,-17
"Frontier County, Nebraska",Frontier,31063,2504,2555,2633,2.04,3.05,5.15,51,78,129
"Furnas County, Nebraska",Furnas,31065,4626,4611,4575,-0.32,-0.78,-1.10,-15,-36,-51
"Gage County, Nebraska",Gage,31067,21653,21611,21583,-0.19,-0.13,-0.32,-42,-28,-70
"Garden County, Nebraska",Garden,31069,1886,1833,1837,-2.81,0.22,-2.60,-53,4,-49
"Garfield County, Nebraska",Garfield,31071,1807,1832,1801,1.38,-1.69,-0.33,25,-31,-6
"Gosper County, Nebraska",Gosper,31073,1895,1819,1808,-4.01,-0.60,-4.59,-76,-11,-87
"Grant County, Nebraska",Grant,31075,615,577,576,-6.18,-0.17,-6.34,-38,-1,-39
"Greeley County, Nebraska",Greeley,31077,2175,2184,2227,0.41,1.97,2.39,9,43,52
"Hall County, Nebraska",Hall,31079,62760,62092,62097,-1.06,0.01,-1.06,-668,5,-663
"Hamilton County, Nebraska",Hamilton,31081,9404,9382,9429,-0.23,0.50,0.27,-22,47,25
"Harlan County, Nebraska",Harlan,31083,3057,3097,3054,1.31,-1.39,-0.10,40,-43,-3
"Hayes County, Nebraska",Hayes,31085,853,841,849,-1.41,0.95,-0.47,-12,8,-4
"Hitchcock County, Nebraska",Hitchcock,31087,2622,2594,2598,-1.07,0.15,-0.92,-28,4,-24
"Holt County, Nebraska",Holt,31089,10113,10081,10043,-0.32,-0.38,-0.69,-32,-38,-70
"Hooker County, Nebraska",Hooker,31091,706,731,686,3.54,-6.16,-2.83,25,-45,-20
"Howard County, Nebraska",Howard,31093,6484,6519,6515,0.54,-0.06,0.48,35,-4,31
"Jefferson County, Nebraska",Jefferson,31095,7259,7160,7154,-1.36,-0.08,-1.45,-99,-6,-105
"Johnson County, Nebraska",Johnson,31097,5292,5335,5287,0.81,-0.90,-0.09,43,-48,-5
"Kearney County, Nebraska",Kearney,31099,6681,6662,6690,-0.28,0.42,0.13,-19,28,9
"Keith County, Nebraska",Keith,31101,8325,8298,8269,-0.32,-0.35,-0.67,-27,-29,-56
"Keya Paha County, Nebraska",Keya Paha,31103,759,787,787,3.69,0.00,3.69,28,0,28
"Kimball County, Nebraska",Kimball,31105,3411,3405,3315,-0.18,-2.64,-2.81,-6,-90,-96
"Knox County, Nebraska",Knox,31107,8396,8436,8336,0.48,-1.19,-0.71,40,-100,-60
"Lancaster County, Nebraska",Lancaster,31109,323144,323420,324756,0.09,0.41,0.50,276,1336,1612
"Lincoln County, Nebraska",Lincoln,31111,34534,34078,33685,-1.32,-1.15,-2.46,-456,-393,-849
"Logan County, Nebraska",Logan,31113,715,684,675,-4.34,-1.32,-5.59,-31,-9,-40
"Loup County, Nebraska",Loup,31115,603,598,599,-0.83,0.17,-0.66,-5,1,-4
"McPherson County, Nebraska",McPherson,31117,397,382,372,-3.78,-2.62,-6.30,-15,-10,-25
"Madison County, Nebraska",Madison,31119,35521,35360,35368,-0.45,0.02,-0.43,-161,8,-153
"Merrick County, Nebraska",Merrick,31121,7655,7670,7721,0.20,0.66,0.86,15,51,66
"Morrill County, Nebraska",Morrill,31123,4553,4573,4527,0.44,-1.01,-0.57,20,-46,-26
"Nance County, Nebraska",Nance,31125,3390,3380,3326,-0.29,-1.60,-1.89,-10,-54,-64
"Nemaha County, Nebraska",Nemaha,31127,7085,7000,7035,-1.20,0.50,-0.71,-85,35,-50
"Nuckolls County, Nebraska",Nuckolls,31129,4090,4063,4041,-0.66,-0.54,-1.20,-27,-22,-49
"Otoe County, Nebraska",Otoe,31131,15897,16008,16198,0.70,1.19,1.89,111,190,301
"Pawnee County, Nebraska",Pawnee,31133,2536,2540,2528,0.16,-0.47,-0.32,4,-12,-8
"Perkins County, Nebraska",Perkins,31135,2863,2822,2829,-1.43,0.25,-1.19,-41,7,-34
"Phelps County, Nebraska",Phelps,31137,8972,8933,8988,-0.43,0.62,0.18,-39,55,16
"Pierce County, Nebraska",Pierce,31139,7340,7316,7332,-0.33,0.22,-0.11,-24,16,-8
"Platte County, Nebraska",Platte,31141,34283,34282,34296,0.00,0.04,0.04,-1,14,13
"Polk County, Nebraska",Polk,31143,5212,5159,5166,-1.02,0.14,-0.88,-53,7,-46
"Red Willow County, Nebraska",Red Willow,31145,10686,10639,10573,-0.44,-0.62,-1.06,-47,-66,-113
"Richardson County, Nebraska",Richardson,31147,7860,7783,7705,-0.98,-1.00,-1.97,-77,-78,-155
"Rock County, Nebraska",Rock,31149,1266,1271,1245,0.39,-2.05,-1.66,5,-26,-21
"Saline County, Nebraska",Saline,31151,14242,14052,14116,-1.33,0.46,-0.88,-190,64,-126
"Sarpy County, Nebraska",Sarpy,31153,191157,193798,196553,1.38,1.42,2.82,2641,2755,5396
"Saunders County, Nebraska",Saunders,31155,22372,22798,23118,1.90,1.40,3.33,426,320,746
"Scotts Bluff County, Nebraska",Scotts Bluff,31157,36036,35828,35603,-0.58,-0.63,-1.20,-208,-225,-433
"Seward County, Nebraska",Seward,31159,17614,17584,17692,-0.17,0.61,0.44,-30,108,78
"Sheridan County, Nebraska",Sheridan,31161,5104,5086,4996,-0.35,-1.77,-2.12,-18,-90,-108
"Sherman County, Nebraska",Sherman,31163,2956,2953,2980,-0.10,0.91,0.81,-3,27,24
"Sioux County, Nebraska",Sioux,31165,1144,1151,1127,0.61,-2.09,-1.49,7,-24,-17
"Stanton County, Nebraska",Stanton,31167,5822,5797,5717,-0.43,-1.38,-1.80,-25,-80,-105
"Thayer County, Nebraska",Thayer,31169,5019,4906,4885,-2.25,-0.43,-2.67,-113,-21,-134
"Thomas County, Nebraska",Thomas,31171,670,676,671,0.90,-0.74,0.15,6,-5,1
"Thurston County, Nebraska",Thurston,31173,6752,6595,6507,-2.33,-1.33,-3.63,-157,-88,-245
"Valley County, Nebraska",Valley,31175,4055,4074,4073,0.47,-0.02,0.44,19,-1,18
"Washington County, Nebraska",Washington,31177,20928,20993,21167,0.31,0.83,1.14,65,174,239
"Wayne County, Nebraska",Wayne,31179,9694,9843,9871,1.54,0.28,1.83,149,28,177
"Webster County, Nebraska",Webster,31181,3390,3393,3336,0.09,-1.68,-1.59,3,-57,-54
"Wheeler County, Nebraska",Wheeler,31183,775,787,785,1.55,-0.25,1.29,12,-2,10
"York County, Nebraska",York,31185,14103,14248,14354,1.03,0.74,1.78,145,106,251
"Churchill County, Nevada",Churchill,32001,25568,25671,25843,0.40,0.67,1.08,103,172,275
"Clark County, Nevada",Clark,32003,2274734,2295194,2322985,0.90,1.21,2.12,20460,27791,48251
"Douglas County, Nevada",Douglas,32005,49522,49969,49628,0.90,-0.68,0.21,447,-341,106
"Elko County, Nevada",Elko,32007,53670,53811,54046,0.26,0.44,0.70,141,235,376
"Esmeralda County, Nevada",Esmeralda,32009,732,733,744,0.14,1.50,1.64,1,11,12
"Eureka County, Nevada",Eureka,32011,1853,1909,1863,3.02,-2.41,0.54,56,-46,10
"Humboldt County, Nevada",Humboldt,32013,17276,17591,17272,1.82,-1.81,-0.02,315,-319,-4
"Lander County, Nevada",Lander,32015,5726,5762,5766,0.63,0.07,0.70,36,4,40
"Lincoln County, Nevada",Lincoln,32017,4448,4433,4482,-0.34,1.11,0.76,-15,49,34
"Lyon County, Nevada",Lyon,32019,59466,60927,61585,2.46,1.08,3.56,1461,658,2119
"Mineral County, Nevada",Mineral,32021,4557,4615,4525,1.27,-1.95,-0.70,58,-90,-32
"Nye County, Nevada",Nye,32023,51960,53277,54738,2.53,2.74,5.35,1317,1461,2778
"Pershing County, Nevada",Pershing,32027,6622,6442,6462,-2.72,0.31,-2.42,-180,20,-160
"Storey County, Nevada",Storey,32029,4106,4145,4170,0.95,0.60,1.56,39,25,64
"Washoe County, Nevada",Washoe,32031,487674,494281,496745,1.35,0.50,1.86,6607,2464,9071
"White Pine County, Nevada",White Pine,32033,9051,8846,8788,-2.26,-0.66,-2.91,-205,-58,-263
"Carson City, Nevada",Carson City,32510,58683,58796,58130,0.19,-1.13,-0.94,113,-666,-553
"Belknap County, New Hampshire",Belknap,33001,63775,64612,64781,1.31,0.26,1.58,837,169,1006
"Carroll County, New Hampshire",Carroll,33003,50235,51725,52199,2.97,0.92,3.91,1490,474,1964
"Cheshire County, New Hampshire",Cheshire,33005,76541,76821,77350,0.37,0.69,1.06,280,529,809
"Coos County, New Hampshire",Coos,33007,31227,31411,31504,0.59,0.30,0.89,184,93,277
"Grafton County, New Hampshire",Grafton,33009,91177,90474,91126,-0.77,0.72,-0.06,-703,652,-51
"Hillsborough County, New Hampshire",Hillsborough,33011,422883,424496,426594,0.38,0.49,0.88,1613,2098,3711
"Merrimack County, New Hampshire",Merrimack,33013,154022,154591,156020,0.37,0.92,1.30,569,1429,1998
"Rockingham County, New Hampshire",Rockingham,33015,314603,318214,319424,1.15,0.38,1.53,3611,1210,4821
"Strafford County, New Hampshire",Strafford,33017,131055,131534,132275,0.37,0.56,0.93,479,741,1220
"Sullivan County, New Hampshire",Sullivan,33019,43069,43627,43958,1.30,0.76,2.06,558,331,889
"Atlantic County, New Jersey",Atlantic,34001,274172,275130,275638,0.35,0.18,0.53,958,508,1466
"Bergen County, New Jersey",Bergen,34003,953617,954879,952997,0.13,-0.20,-0.07,1262,-1882,-620
"Burlington County, New Jersey",Burlington,34005,461648,464411,466103,0.60,0.36,0.97,2763,1692,4455
"Camden County, New Jersey",Camden,34007,523074,524124,524907,0.20,0.15,0.35,1050,783,1833
"Cape May County, New Jersey",Cape May,34009,95040,95768,95634,0.77,-0.14,0.63,728,-134,594
"Cumberland County, New Jersey",Cumberland,34011,153692,152089,151356,-1.04,-0.48,-1.52,-1603,-733,-2336
"Essex County, New Jersey",Essex,34013,859924,854121,849477,-0.67,-0.54,-1.21,-5803,-4644,-10447
"Gloucester County, New Jersey",Gloucester,34015,302554,304620,306601,0.68,0.65,1.34,2066,1981,4047
"Hudson County, New Jersey",Hudson,34017,721832,703447,703366,-2.55,-0.01,-2.56,-18385,-81,-18466
"Hunterdon County, New Jersey",Hunterdon,34019,128786,129668,129777,0.68,0.08,0.77,882,109,991
"Mercer County, New Jersey",Mercer,34021,386441,382116,380688,-1.12,-0.37,-1.49,-4325,-1428,-5753
"Middlesex County, New Jersey",Middlesex,34023,861314,862328,861418,0.12,-0.11,0.01,1014,-910,104
"Monmouth County, New Jersey",Monmouth,34025,642771,646392,644098,0.56,-0.35,0.21,3621,-2294,1327
"Morris County, New Jersey",Morris,34027,508384,510444,511151,0.41,0.14,0.54,2060,707,2767
"Ocean County, New Jersey",Ocean,34029,638422,649741,655735,1.77,0.92,2.71,11319,5994,17313
"Passaic County, New Jersey",Passaic,34031,523406,518345,513936,-0.97,-0.85,-1.81,-5061,-4409,-9470
"Salem County, New Jersey",Salem,34033,64842,65058,65117,0.33,0.09,0.42,216,59,275
"Somerset County, New Jersey",Somerset,34035,344725,346331,346875,0.47,0.16,0.62,1606,544,2150
"Sussex County, New Jersey",Sussex,34037,143915,145645,146084,1.20,0.30,1.51,1730,439,2169
"Union County, New Jersey",Union,34039,573617,572810,569815,-0.14,-0.52,-0.66,-807,-2995,-3802
"Warren County, New Jersey",Warren,34041,109513,110494,110926,0.90,0.39,1.29,981,432,1413
"Bernalillo County, New Mexico",Bernalillo,35001,676803,674980,672508,-0.27,-0.37,-0.63,-1823,-2472,-4295
"Catron County, New Mexico",Catron,35003,3611,3726,3827,3.18,2.71,5.98,115,101,216
"Chaves County, New Mexico",Chaves,35005,65148,64644,63894,-0.77,-1.16,-1.92,-504,-750,-1254
"Cibola County, New Mexico",Cibola,35006,27102,27238,26950,0.50,-1.06,-0.56,136,-288,-152
"Colfax County, New Mexico",Colfax,35007,12353,12356,12246,0.02,-0.89,-0.87,3,-110,-107
"Curry County, New Mexico",Curry,35009,48370,47960,47532,-0.85,-0.89,-1.73,-410,-428,-838
"De Baca County, New Mexico",De Baca,35011,1683,1679,1693,-0.24,0.83,0.59,-4,14,10
"Doña Ana County, New Mexico",Dona Ana,35013,220047,221655,223337,0.73,0.76,1.50,1608,1682,3290
"Eddy County, New Mexico",Eddy,35015,62329,60899,60400,-2.29,-0.82,-3.09,-1430,-499,-1929
"Grant County, New Mexico",Grant,35017,28203,27892,27686,-1.10,-0.74,-1.83,-311,-206,-517
"Guadalupe County, New Mexico",Guadalupe,35019,4440,4432,4310,-0.18,-2.75,-2.93,-8,-122,-130
"Harding County, New Mexico",Harding,35021,655,636,628,-2.90,-1.26,-4.12,-19,-8,-27
"Hidalgo County, New Mexico",Hidalgo,35023,4166,4090,4003,-1.82,-2.13,-3.91,-76,-87,-163
"Lea County, New Mexico",Lea,35025,74635,73103,72452,-2.05,-0.89,-2.92,-1532,-651,-2183
"Lincoln County, New Mexico",Lincoln,35027,20313,20421,20411,0.53,-0.05,0.48,108,-10,98
"Los Alamos County, New Mexico",Los Alamos,35028,19415,19340,19187,-0.39,-0.79,-1.17,-75,-153,-228
"Luna County, New Mexico",Luna,35029,25447,25486,25749,0.15,1.03,1.19,39,263,302
"McKinley County, New Mexico",McKinley,35031,72578,71484,69830,-1.51,-2.31,-3.79,-1094,-1654,-2748
"Mora County, New Mexico",Mora,35033,4192,4203,4169,0.26,-0.81,-0.55,11,-34,-23
"Otero County, New Mexico",Otero,35035,67873,68538,68823,0.98,0.42,1.40,665,285,950
"Quay County, New Mexico",Quay,35037,8712,8624,8546,-1.01,-0.90,-1.91,-88,-78,-166
"Rio Arriba County, New Mexico",Rio Arriba,35039,40269,40249,40048,-0.05,-0.50,-0.55,-20,-201,-221
"Roosevelt County, New Mexico",Roosevelt,35041,19157,19017,18934,-0.73,-0.44,-1.16,-140,-83,-223
"Sandoval County, New Mexico",Sandoval,35043,149276,151439,153501,1.45,1.36,2.83,2163,2062,4225
"San Juan County, New Mexico",San Juan,35045,121368,120866,120418,-0.41,-0.37,-0.78,-502,-448,-950
"San Miguel County, New Mexico",San Miguel,35047,27129,27167,26953,0.14,-0.79,-0.65,38,-214,-176
"Santa Fe County, New Mexico",Santa Fe,35049,155041,155404,155664,0.23,0.17,0.40,363,260,623
"Sierra County, New Mexico",Sierra,35051,11563,11498,11436,-0.56,-0.54,-1.10,-65,-62,-127
"Socorro County, New Mexico",Socorro,35053,16558,16303,16115,-1.54,-1.15,-2.68,-255,-188,-443
"Taos County, New Mexico",Taos,35055,34459,34700,34580,0.70,-0.35,0.35,241,-120,121
"Torrance County, New Mexico",Torrance,35057,15054,15318,15454,1.75,0.89,2.66,264,136,400
"Union County, New Mexico",Union,35059,4072,4097,3980,0.61,-2.86,-2.26,25,-117,-92
"Valencia County, New Mexico",Valencia,35061,76369,77233,78080,1.13,1.10,2.24,864,847,1711
"Albany County, New York",Albany,36001,313987,316301,315811,0.74,-0.15,0.58,2314,-490,1824
"Allegany County, New York",Allegany,36003,47320,46921,46694,-0.84,-0.48,-1.32,-399,-227,-626
"Bronx County, New York",Bronx,36005,1461125,1421089,1379946,-2.74,-2.90,-5.56,-40036,-41143,-81179
"Broome County, New York",Broome,36007,198126,198703,197117,0.29,-0.80,-0.51,577,-1586,-1009
"Cattaraugus County, New York",Cattaraugus,36009,76992,76650,76439,-0.44,-0.28,-0.72,-342,-211,-553
"Cayuga County, New York",Cayuga,36011,76198,75791,74998,-0.53,-1.05,-1.57,-407,-793,-1200
"Chautauqua County, New York",Chautauqua,36013,127578,126785,126027,-0.62,-0.60,-1.22,-793,-758,-1551
"Chemung County, New York",Chemung,36015,83945,82830,81426,-1.33,-1.70,-3.00,-1115,-1404,-2519
"Chenango County, New York",Chenango,36017,47067,46637,46458,-0.91,-0.38,-1.29,-430,-179,-609
"Clinton County, New York",Clinton,36019,79761,79996,78753,0.29,-1.55,-1.26,235,-1243,-1008
"Columbia County, New York",Columbia,36021,61403,62039,61286,1.04,-1.21,-0.19,636,-753,-117
"Cortland County, New York",Cortland,36023,46750,46489,46126,-0.56,-0.78,-1.33,-261,-363,-624
"Delaware County, New York",Delaware,36025,44221,44753,44740,1.20,-0.03,1.17,532,-13,519
"Dutchess County, New York",Dutchess,36027,295398,298039,297545,0.89,-0.17,0.73,2641,-494,2147
"Erie County, New York",Erie,36029,952598,954350,950312,0.18,-0.42,-0.24,1752,-4038,-2286
"Essex County, New York",Essex,36031,37326,37292,36910,-0.09,-1.02,-1.11,-34,-382,-416
"Franklin County, New York",Franklin,36033,47565,47040,46373,-1.10,-1.42,-2.51,-525,-667,-1192
"Fulton County, New York",Fulton,36035,53132,53055,52669,-0.14,-0.73,-0.87,-77,-386,-463
"Genesee County, New York",Genesee,36037,58313,57988,57535,-0.56,-0.78,-1.33,-325,-453,-778
"Greene County, New York",Greene,36039,47912,48493,48061,1.21,-0.89,0.31,581,-432,149
"Hamilton County, New York",Hamilton,36041,5073,5114,5118,0.81,0.08,0.89,41,4,45
"Herkimer County, New York",Herkimer,36043,60024,60082,59822,0.10,-0.43,-0.34,58,-260,-202
"Jefferson County, New York",Jefferson,36045,116273,117680,116637,1.21,-0.89,0.31,1407,-1043,364
"Kings County, New York",Kings,36047,2719044,2637486,2590516,-3.00,-1.78,-4.73,-81558,-46970,-128528
"Lewis County, New York",Lewis,36049,26551,26745,26699,0.73,-0.17,0.56,194,-46,148
"Livingston County, New York",Livingston,36051,61728,61629,61516,-0.16,-0.18,-0.34,-99,-113,-212
"Madison County, New York",Madison,36053,67927,67397,67097,-0.78,-0.45,-1.22,-530,-300,-830
"Monroe County, New York",Monroe,36055,757790,756547,752035,-0.16,-0.60,-0.76,-1243,-4512,-5755
"Montgomery County, New York",Montgomery,36057,49485,49611,49623,0.25,0.02,0.28,126,12,138
"Nassau County, New York",Nassau,36059,1390559,1391112,1383726,0.04,-0.53,-0.49,553,-7386,-6833
"New York County, New York",New York,36061,1677306,1578801,1596273,-5.87,1.11,-4.83,-98505,17472,-81033
"Niagara County, New York",Niagara,36063,212125,211891,210880,-0.11,-0.48,-0.59,-234,-1011,-1245
"Oneida County, New York",Oneida,36065,231575,229942,228846,-0.71,-0.48,-1.18,-1633,-1096,-2729
"Onondaga County, New York",Onondaga,36067,474316,472094,468249,-0.47,-0.81,-1.28,-2222,-3845,-6067
"Ontario County, New York",Ontario,36069,112327,112660,112707,0.30,0.04,0.34,333,47,380
"Orange County, New York",Orange,36071,401088,404997,405941,0.97,0.23,1.21,3909,944,4853
"Orleans County, New York",Orleans,36073,40225,39711,39318,-1.28,-0.99,-2.25,-514,-393,-907
"Oswego County, New York",Oswego,36075,117440,118124,118287,0.58,0.14,0.72,684,163,847
"Otsego County, New York",Otsego,36077,58377,60758,60636,4.08,-0.20,3.87,2381,-122,2259
"Putnam County, New York",Putnam,36079,97632,98176,98045,0.56,-0.13,0.42,544,-131,413
"Queens County, New York",Queens,36081,2388586,2328141,2278029,-2.53,-2.15,-4.63,-60445,-50112,-110557
"Rensselaer County, New York",Rensselaer,36083,160900,160740,159853,-0.10,-0.55,-0.65,-160,-887,-1047
"Rockland County, New York",Rockland,36087,337394,339256,339022,0.55,-0.07,0.48,1862,-234,1628
"St. Lawrence County, New York",St. Lawrence,36089,108554,108410,107733,-0.13,-0.62,-0.76,-144,-677,-821
"Saratoga County, New York",Saratoga,36091,235794,237962,238797,0.92,0.35,1.27,2168,835,3003
"Schenectady County, New York",Schenectady,36093,159315,160214,160093,0.56,-0.08,0.49,899,-121,778
"Schoharie County, New York",Schoharie,36095,29752,30152,30063,1.34,-0.30,1.05,400,-89,311
"Schuyler County, New York",Schuyler,36097,17863,17800,17650,-0.35,-0.84,-1.19,-63,-150,-213
"Seneca County, New York",Seneca,36099,33747,33576,32882,-0.51,-2.07,-2.56,-171,-694,-865
"Steuben County, New York",Steuben,36101,93314,93105,92599,-0.22,-0.54,-0.77,-209,-506,-715
"Suffolk County, New York",Suffolk,36103,1521950,1533118,1525465,0.73,-0.50,0.23,11168,-7653,3515
"Sullivan County, New York",Sullivan,36105,78605,79694,79658,1.39,-0.05,1.34,1089,-36,1053
"Tioga County, New York",Tioga,36107,48352,48087,47772,-0.55,-0.66,-1.20,-265,-315,-580
"Tompkins County, New York",Tompkins,36109,99784,106044,104777,6.27,-1.19,5.00,6260,-1267,4993
"Ulster County, New York",Ulster,36111,181627,183704,182319,1.14,-0.75,0.38,2077,-1385,692
"Warren County, New York",Warren,36113,65618,65773,65599,0.24,-0.26,-0.03,155,-174,-19
"Washington County, New York",Washington,36115,61202,60975,60841,-0.37,-0.22,-0.59,-227,-134,-361
"Wayne County, New York",Wayne,36117,91193,91201,91125,0.01,-0.08,-0.07,8,-76,-68
"Westchester County, New York",Westchester,36119,1001431,999607,990427,-0.18,-0.92,-1.10,-1824,-9180,-11004
"Wyoming County, New York",Wyoming,36121,40427,40017,39666,-1.01,-0.88,-1.88,-410,-351,-761
"Yates County, New York",Yates,36123,24720,24634,24451,-0.35,-0.74,-1.09,-86,-183,-269
"Alamance County, North Carolina",Alamance,37001,171954,173876,176353,1.12,1.42,2.56,1922,2477,4399
"Alexander County, North Carolina",Alexander,37003,36482,36467,36512,-0.04,0.12,0.08,-15,45,30
"Alleghany County, North Carolina",Alleghany,37005,10897,11066,11185,1.55,1.08,2.64,169,119,288
"Anson County, North Carolina",Anson,37007,22033,22254,22202,1.00,-0.23,0.77,221,-52,169
"Ashe County, North Carolina",Ashe,37009,26580,26764,27110,0.69,1.29,1.99,184,346,530
"Avery County, North Carolina",Avery,37011,17848,17502,17571,-1.94,0.39,-1.55,-346,69,-277
"Beaufort County, North Carolina",Beaufort,37013,44690,44438,44272,-0.56,-0.37,-0.94,-252,-166,-418
"Bertie County, North Carolina",Bertie,37015,17862,17425,17240,-2.45,-1.06,-3.48,-437,-185,-622
"Bladen County, North Carolina",Bladen,37017,29629,29565,29446,-0.22,-0.40,-0.62,-64,-119,-183
"Brunswick County, North Carolina",Brunswick,37019,138157,144814,153064,4.82,5.70,10.79,6657,8250,14907
"Buncombe County, North Carolina",Buncombe,37021,269694,271719,273589,0.75,0.69,1.44,2025,1870,3895
"Burke County, North Carolina",Burke,37023,87577,87634,87881,0.07,0.28,0.35,57,247,304
"Cabarrus County, North Carolina",Cabarrus,37025,227214,231726,235797,1.99,1.76,3.78,4512,4071,8583
"Caldwell County, North Carolina",Caldwell,37027,80632,80561,80492,-0.09,-0.09,-0.17,-71,-69,-140
"Camden County, North Carolina",Camden,37029,10407,10816,11088,3.93,2.51,6.54,409,272,681
"Carteret County, North Carolina",Carteret,37031,67724,68718,69380,1.47,0.96,2.45,994,662,1656
"Caswell County, North Carolina",Caswell,37033,22699,22701,22614,0.01,-0.38,-0.37,2,-87,-85
"Catawba County, North Carolina",Catawba,37035,160892,161821,163462,0.58,1.01,1.60,929,1641,2570
"Chatham County, North Carolina",Chatham,37037,76670,78111,79864,1.88,2.24,4.17,1441,1753,3194
"Cherokee County, North Carolina",Cherokee,37039,28858,29195,29512,1.17,1.09,2.27,337,317,654
"Chowan County, North Carolina",Chowan,37041,13701,13791,13940,0.66,1.08,1.74,90,149,239
"Clay County, North Carolina",Clay,37043,11142,11350,11614,1.87,2.33,4.24,208,264,472
"Cleveland County, North Carolina",Cleveland,37045,99799,100318,100670,0.52,0.35,0.87,519,352,871
"Columbus County, North Carolina",Columbus,37047,50487,49953,49885,-1.06,-0.14,-1.19,-534,-68,-602
"Craven County, North Carolina",Craven,37049,100646,100277,100874,-0.37,0.60,0.23,-369,597,228
"Cumberland County, North Carolina",Cumberland,37051,334391,337249,336699,0.85,-0.16,0.69,2858,-550,2308
"Currituck County, North Carolina",Currituck,37053,28401,29714,31015,4.62,4.38,9.20,1313,1301,2614
"Dare County, North Carolina",Dare,37055,37032,37889,37956,2.31,0.18,2.50,857,67,924
"Davidson County, North Carolina",Davidson,37057,169196,170794,172586,0.94,1.05,2.00,1598,1792,3390
"Davie County, North Carolina",Davie,37059,42895,43614,44090,1.68,1.09,2.79,719,476,1195
"Duplin County, North Carolina",Duplin,37061,48657,48606,48990,-0.10,0.79,0.68,-51,384,333
"Durham County, North Carolina",Durham,37063,325561,329699,332680,1.27,0.90,2.19,4138,2981,7119
"Edgecombe County, North Carolina",Edgecombe,37065,48777,48370,48301,-0.83,-0.14,-0.98,-407,-69,-476
"Forsyth County, North Carolina",Forsyth,37067,383166,386172,389157,0.78,0.77,1.56,3006,2985,5991
"Franklin County, North Carolina",Franklin,37069,69115,71798,74539,3.88,3.82,7.85,2683,2741,5424
"Gaston County, North Carolina",Gaston,37071,228514,231337,234215,1.24,1.24,2.49,2823,2878,5701
"Gates County, North Carolina",Gates,37073,10448,10403,10383,-0.43,-0.19,-0.62,-45,-20,-65
"Graham County, North Carolina",Graham,37075,8035,8008,7980,-0.34,-0.35,-0.68,-27,-28,-55
"Granville County, North Carolina",Granville,37077,61060,61408,61903,0.57,0.81,1.38,348,495,843
"Greene County, North Carolina",Greene,37079,20440,20261,20211,-0.88,-0.25,-1.12,-179,-50,-229
"Guilford County, North Carolina",Guilford,37081,539498,542756,546101,0.60,0.62,1.22,3258,3345,6603
"Halifax County, North Carolina",Halifax,37083,48521,48377,47848,-0.30,-1.09,-1.39,-144,-529,-673
"Harnett County, North Carolina",Harnett,37085,133779,135669,138832,1.41,2.33,3.78,1890,3163,5053
"Haywood County, North Carolina",Haywood,37087,62223,62504,62609,0.45,0.17,0.62,281,105,386
"Henderson County, North Carolina",Henderson,37089,116541,116988,118106,0.38,0.96,1.34,447,1118,1565
"Hertford County, North Carolina",Hertford,37091,21470,21172,20875,-1.39,-1.40,-2.77,-298,-297,-595
"Hoke County, North Carolina",Hoke,37093,52240,53235,53787,1.90,1.04,2.96,995,552,1547
"Hyde County, North Carolina",Hyde,37095,4551,4625,4576,1.63,-1.06,0.55,74,-49,25
"Iredell County, North Carolina",Iredell,37097,187683,192227,195897,2.42,1.91,4.38,4544,3670,8214
"Jackson County, North Carolina",Jackson,37099,42231,42520,42955,0.68,1.02,1.71,289,435,724
"Johnston County, North Carolina",Johnston,37101,217787,227313,234778,4.37,3.28,7.80,9526,7465,16991
"Jones County, North Carolina",Jones,37103,9147,9217,9233,0.77,0.17,0.94,70,16,86
"Lee County, North Carolina",Lee,37105,63428,64097,65476,1.05,2.15,3.23,669,1379,2048
"Lenoir County, North Carolina",Lenoir,37107,55050,54693,54633,-0.65,-0.11,-0.76,-357,-60,-417
"Lincoln County, North Carolina",Lincoln,37109,87206,89870,93095,3.05,3.59,6.75,2664,3225,5889
"McDowell County, North Carolina",McDowell,37111,44580,44586,44753,0.01,0.37,0.39,6,167,173
"Macon County, North Carolina",Macon,37113,37092,37488,38065,1.07,1.54,2.62,396,577,973
"Madison County, North Carolina",Madison,37115,21228,21645,21768,1.96,0.57,2.54,417,123,540
"Martin County, North Carolina",Martin,37117,21953,21742,21508,-0.96,-1.08,-2.03,-211,-234,-445
"Mecklenburg County, North Carolina",Mecklenburg,37119,1116788,1125809,1145392,0.81,1.74,2.56,9021,19583,28604
"Mitchell County, North Carolina",Mitchell,37121,14906,14982,15094,0.51,0.75,1.26,76,112,188
"Montgomery County, North Carolina",Montgomery,37123,25719,25853,25894,0.52,0.16,0.68,134,41,175
"Moore County, North Carolina",Moore,37125,100267,102952,105531,2.68,2.51,5.25,2685,2579,5264
"Nash County, North Carolina",Nash,37127,95148,95227,95789,0.08,0.59,0.67,79,562,641
"New Hanover County, North Carolina",New Hanover,37129,226307,229930,234921,1.60,2.17,3.81,3623,4991,8614
"Northampton County, North Carolina",Northampton,37131,17435,17093,16779,-1.96,-1.84,-3.76,-342,-314,-656
"Onslow County, North Carolina",Onslow,37133,204937,204660,207298,-0.14,1.29,1.15,-277,2638,2361
"Orange County, North Carolina",Orange,37135,143583,148610,150477,3.50,1.26,4.80,5027,1867,6894
"Pamlico County, North Carolina",Pamlico,37137,12303,12347,12381,0.36,0.28,0.63,44,34,78
"Pasquotank County, North Carolina",Pasquotank,37139,40577,40746,40938,0.42,0.47,0.89,169,192,361
"Pender County, North Carolina",Pender,37141,60642,63072,65737,4.01,4.23,8.40,2430,2665,5095
"Perquimans County, North Carolina",Perquimans,37143,13016,13126,13210,0.85,0.64,1.49,110,84,194
"Person County, North Carolina",Person,37145,39187,39172,39386,-0.04,0.55,0.51,-15,214,199
"Pitt County, North Carolina",Pitt,37147,170378,172273,173542,1.11,0.74,1.86,1895,1269,3164
"Polk County, North Carolina",Polk,37149,19383,19691,19986,1.59,1.50,3.11,308,295,603
"Randolph County, North Carolina",Randolph,37151,144418,145109,146043,0.48,0.64,1.13,691,934,1625
"Richmond County, North Carolina",Richmond,37153,42916,42842,42778,-0.17,-0.15,-0.32,-74,-64,-138
"Robeson County, North Carolina",Robeson,37155,116305,116229,116663,-0.07,0.37,0.31,-76,434,358
"Rockingham County, North Carolina",Rockingham,37157,91188,91260,91957,0.08,0.76,0.84,72,697,769
"Rowan County, North Carolina",Rowan,37159,147148,148012,149645,0.59,1.10,1.70,864,1633,2497
"Rutherford County, North Carolina",Rutherford,37161,64479,64618,64963,0.22,0.53,0.75,139,345,484
"Sampson County, North Carolina",Sampson,37163,59078,59080,59120,0.00,0.07,0.07,2,40,42
"Scotland County, North Carolina",Scotland,37165,34141,34175,34162,0.10,-0.04,0.06,34,-13,21
"Stanly County, North Carolina",Stanly,37167,62638,63108,64153,0.75,1.66,2.42,470,1045,1515
"Stokes County, North Carolina",Stokes,37169,44565,44641,45175,0.17,1.20,1.37,76,534,610
"Surry County, North Carolina",Surry,37171,71372,71196,71403,-0.25,0.29,0.04,-176,207,31
"Swain County, North Carolina",Swain,37173,14099,14149,13967,0.35,-1.29,-0.94,50,-182,-132
"Transylvania County, North Carolina",Transylvania,37175,33046,33255,33355,0.63,0.30,0.94,209,100,309
"Tyrrell County, North Carolina",Tyrrell,37177,3239,3377,3365,4.26,-0.36,3.89,138,-12,126
"Union County, North Carolina",Union,37179,239443,244260,249070,2.01,1.97,4.02,4817,4810,9627
"Vance County, North Carolina",Vance,37181,42535,42103,42138,-1.02,0.08,-0.93,-432,35,-397
"Wake County, North Carolina",Wake,37183,1130685,1152357,1175021,1.92,1.97,3.92,21672,22664,44336
"Warren County, North Carolina",Warren,37185,18598,18791,18713,1.04,-0.42,0.62,193,-78,115
"Washington County, North Carolina",Washington,37187,10976,10909,10828,-0.61,-0.74,-1.35,-67,-81,-148
"Watauga County, North Carolina",Watauga,37189,54117,54962,55089,1.56,0.23,1.80,845,127,972
"Wayne County, North Carolina",Wayne,37191,117266,116866,117286,-0.34,0.36,0.02,-400,420,20
"Wilkes County, North Carolina",Wilkes,37193,65904,65818,65784,-0.13,-0.05,-0.18,-86,-34,-120
"Wilson County, North Carolina",Wilson,37195,78807,78283,78449,-0.66,0.21,-0.45,-524,166,-358
"Yadkin County, North Carolina",Yadkin,37197,37246,37258,37463,0.03,0.55,0.58,12,205,217
"Yancey County, North Carolina",Yancey,37199,18490,18776,18811,1.55,0.19,1.74,286,35,321
"Adams County, North Dakota",Adams,38001,2187,2152,2115,-1.60,-1.72,-3.29,-35,-37,-72
"Barnes County, North Dakota",Barnes,38003,10847,10812,10758,-0.32,-0.50,-0.82,-35,-54,-89
"Benson County, North Dakota",Benson,38005,5931,5778,5770,-2.58,-0.14,-2.71,-153,-8,-161
"Billings County, North Dakota",Billings,38007,933,961,1018,3.00,5.93,9.11,28,57,85
"Bottineau County, North Dakota",Bottineau,38009,6384,6437,6376,0.83,-0.95,-0.13,53,-61,-8
"Bowman County, North Dakota",Bowman,38011,2984,2902,2894,-2.75,-0.28,-3.02,-82,-8,-90
"Burke County, North Dakota",Burke,38013,2208,2173,2155,-1.59,-0.83,-2.40,-35,-18,-53
"Burleigh County, North Dakota",Burleigh,38015,98594,98967,99280,0.38,0.32,0.70,373,313,686
"Cass County, North Dakota",Cass,38017,184874,189293,192734,2.39,1.82,4.25,4419,3441,7860
"Cavalier County, North Dakota",Cavalier,38019,3694,3664,3597,-0.81,-1.83,-2.63,-30,-67,-97
"Dickey County, North Dakota",Dickey,38021,4971,4905,4923,-1.33,0.37,-0.97,-66,18,-48
"Divide County, North Dakota",Divide,38023,2212,2191,2187,-0.95,-0.18,-1.13,-21,-4,-25
"Dunn County, North Dakota",Dunn,38025,4100,4025,4015,-1.83,-0.25,-2.07,-75,-10,-85
"Eddy County, North Dakota",Eddy,38027,2320,2322,2314,0.09,-0.34,-0.26,2,-8,-6
"Emmons County, North Dakota",Emmons,38029,3293,3262,3250,-0.94,-0.37,-1.31,-31,-12,-43
"Foster County, North Dakota",Foster,38031,3388,3362,3378,-0.77,0.48,-0.30,-26,16,-10
"Golden Valley County, North Dakota",Golden Valley,38033,1720,1757,1744,2.15,-0.74,1.40,37,-13,24
"Grand Forks County, North Dakota",Grand Forks,38035,73126,72512,72413,-0.84,-0.14,-0.98,-614,-99,-713
"Grant County, North Dakota",Grant,38037,2289,2311,2243,0.96,-2.94,-2.01,22,-68,-46
"Griggs County, North Dakota",Griggs,38039,2297,2284,2252,-0.57,-1.40,-1.96,-13,-32,-45
"Hettinger County, North Dakota",Hettinger,38041,2467,2422,2406,-1.82,-0.66,-2.47,-45,-16,-61
"Kidder County, North Dakota",Kidder,38043,2387,2361,2393,-1.09,1.36,0.25,-26,32,6
"LaMoure County, North Dakota",LaMoure,38045,4101,4095,4098,-0.15,0.07,-0.07,-6,3,-3
"Logan County, North Dakota",Logan,38047,1890,1882,1855,-0.42,-1.43,-1.85,-8,-27,-35
"McHenry County, North Dakota",McHenry,38049,5311,5239,5189,-1.36,-0.95,-2.30,-72,-50,-122
"McIntosh County, North Dakota",McIntosh,38051,2511,2506,2475,-0.20,-1.24,-1.43,-5,-31,-36
"McKenzie County, North Dakota",McKenzie,38053,14776,13851,13908,-6.26,0.41,-5.87,-925,57,-868
"McLean County, North Dakota",McLean,38055,9756,9794,9824,0.39,0.31,0.70,38,30,68
"Mercer County, North Dakota",Mercer,38057,8348,8330,8333,-0.22,0.04,-0.18,-18,3,-15
"Morton County, North Dakota",Morton,38059,33313,33560,33710,0.74,0.45,1.19,247,150,397
"Mountrail County, North Dakota",Mountrail,38061,9807,9593,9290,-2.18,-3.16,-5.27,-214,-303,-517
"Nelson County, North Dakota",Nelson,38063,2993,3044,2995,1.70,-1.61,0.07,51,-49,2
"Oliver County, North Dakota",Oliver,38065,1869,1873,1856,0.21,-0.91,-0.70,4,-17,-13
"Pembina County, North Dakota",Pembina,38067,6823,6775,6763,-0.70,-0.18,-0.88,-48,-12,-60
"Pierce County, North Dakota",Pierce,38069,3968,3943,3942,-0.63,-0.03,-0.66,-25,-1,-26
"Ramsey County, North Dakota",Ramsey,38071,11573,11598,11515,0.22,-0.72,-0.50,25,-83,-58
"Ransom County, North Dakota",Ransom,38073,5690,5667,5640,-0.40,-0.48,-0.88,-23,-27,-50
"Renville County, North Dakota",Renville,38075,2273,2262,2220,-0.48,-1.86,-2.33,-11,-42,-53
"Richland County, North Dakota",Richland,38077,16527,16570,16580,0.26,0.06,0.32,43,10,53
"Rolette County, North Dakota",Rolette,38079,12195,12086,11933,-0.89,-1.27,-2.15,-109,-153,-262
"Sargent County, North Dakota",Sargent,38081,3836,3819,3795,-0.44,-0.63,-1.07,-17,-24,-41
"Sheridan County, North Dakota",Sheridan,38083,1267,1270,1295,0.24,1.97,2.21,3,25,28
"Sioux County, North Dakota",Sioux,38085,3882,3759,3711,-3.17,-1.28,-4.40,-123,-48,-171
"Slope County, North Dakota",Slope,38087,695,686,672,-1.29,-2.04,-3.31,-9,-14,-23
"Stark County, North Dakota",Stark,38089,33828,33059,32803,-2.27,-0.77,-3.03,-769,-256,-1025
"Steele County, North Dakota",Steele,38091,1787,1798,1788,0.62,-0.56,0.06,11,-10,1
"Stutsman County, North Dakota",Stutsman,38093,21556,21591,21487,0.16,-0.48,-0.32,35,-104,-69
"Towner County, North Dakota",Towner,38095,2147,2133,2064,-0.65,-3.23,-3.87,-14,-69,-83
"Traill County, North Dakota",Traill,38097,7988,7990,7958,0.03,-0.40,-0.38,2,-32,-30
"Walsh County, North Dakota",Walsh,38099,10524,10479,10438,-0.43,-0.39,-0.82,-45,-41,-86
"Ward County, North Dakota",Ward,38101,69923,69437,68870,-0.70,-0.82,-1.51,-486,-567,-1053
"Wells County, North Dakota",Wells,38103,3971,3905,3930,-1.66,0.64,-1.03,-66,25,-41
"Williams County, North Dakota",Williams,38105,41184,38487,38109,-6.55,-0.98,-7.47,-2697,-378,-3075
"Adams County, Ohio",Adams,39001,27440,27513,27420,0.27,-0.34,-0.07,73,-93,-20
"Allen County, Ohio",Allen,39003,102107,101792,101115,-0.31,-0.67,-0.97,-315,-677,-992
"Ashland County, Ohio",Ashland,39005,52468,52340,52181,-0.24,-0.30,-0.55,-128,-159,-287
"Ashtabula County, Ohio",Ashtabula,39007,97516,97452,97014,-0.07,-0.45,-0.51,-64,-438,-502
"Athens County, Ohio",Athens,39009,62371,59086,58979,-5.27,-0.18,-5.44,-3285,-107,-3392
"Auglaize County, Ohio",Auglaize,39011,46461,46240,45948,-0.48,-0.63,-1.10,-221,-292,-513
"Belmont County, Ohio",Belmont,39013,66283,65895,65509,-0.59,-0.59,-1.17,-388,-386,-774
"Brown County, Ohio",Brown,39015,43671,43690,43680,0.04,-0.02,0.02,19,-10,9
"Butler County, Ohio",Butler,39017,390872,387791,388420,-0.79,0.16,-0.63,-3081,629,-2452
"Carroll County, Ohio",Carroll,39019,26697,26671,26659,-0.10,-0.04,-0.14,-26,-12,-38
"Champaign County, Ohio",Champaign,39021,38734,38782,38709,0.12,-0.19,-0.06,48,-73,-25
"Clark County, Ohio",Clark,39023,135879,135747,134831,-0.10,-0.67,-0.77,-132,-916,-1048
"Clermont County, Ohio",Clermont,39025,208738,209867,210805,0.54,0.45,0.99,1129,938,2067
"Clinton County, Ohio",Clinton,39027,42023,42100,41964,0.18,-0.32,-0.14,77,-136,-59
"Columbiana County, Ohio",Columbiana,39029,101634,101250,100511,-0.38,-0.73,-1.10,-384,-739,-1123
"Coshocton County, Ohio",Coshocton,39031,36578,36614,36571,0.10,-0.12,-0.02,36,-43,-7
"Crawford County, Ohio",Crawford,39033,42003,41797,41522,-0.49,-0.66,-1.15,-206,-275,-481
"Cuyahoga County, Ohio",Cuyahoga,39035,1262523,1247808,1236041,-1.17,-0.94,-2.10,-14715,-11767,-26482
"Darke County, Ohio",Darke,39037,51897,51645,51529,-0.49,-0.22,-0.71,-252,-116,-368
"Defiance County, Ohio",Defiance,39039,38254,38216,38187,-0.10,-0.08,-0.18,-38,-29,-67
"Delaware County, Ohio",Delaware,39041,215139,221186,226296,2.81,2.31,5.19,6047,5110,11157
"Erie County, Ohio",Erie,39043,75475,74918,74501,-0.74,-0.56,-1.29,-557,-417,-974
"Fairfield County, Ohio",Fairfield,39045,159443,161182,162898,1.09,1.06,2.17,1739,1716,3455
"Fayette County, Ohio",Fayette,39047,28971,28929,28839,-0.14,-0.31,-0.46,-42,-90,-132
"Franklin County, Ohio",Franklin,39049,1324357,1317560,1321820,-0.51,0.32,-0.19,-6797,4260,-2537
"Fulton County, Ohio",Fulton,39051,42643,42473,42171,-0.40,-0.71,-1.11,-170,-302,-472
"Gallia County, Ohio",Gallia,39053,29241,29220,29068,-0.07,-0.52,-0.59,-21,-152,-173
"Geauga County, Ohio",Geauga,39055,95347,95649,95469,0.32,-0.19,0.13,302,-180,122
"Greene County, Ohio",Greene,39057,168119,167628,168456,-0.29,0.49,0.20,-491,828,337
"Guernsey County, Ohio",Guernsey,39059,38415,38263,38098,-0.40,-0.43,-0.83,-152,-165,-317
"Hamilton County, Ohio",Hamilton,39061,830320,827501,825037,-0.34,-0.30,-0.64,-2819,-2464,-5283
"Hancock County, Ohio",Hancock,39063,74930,74775,74861,-0.21,0.12,-0.09,-155,86,-69
"Hardin County, Ohio",Hardin,39065,30724,30446,30416,-0.90,-0.10,-1.00,-278,-30,-308
"Harrison County, Ohio",Harrison,39067,14486,14476,14378,-0.07,-0.68,-0.75,-10,-98,-108
"Henry County, Ohio",Henry,39069,27663,27555,27512,-0.39,-0.16,-0.55,-108,-43,-151
"Highland County, Ohio",Highland,39071,43359,43423,43391,0.15,-0.07,0.07,64,-32,32
"Hocking County, Ohio",Hocking,39073,28039,28126,27858,0.31,-0.95,-0.65,87,-268,-181
"Holmes County, Ohio",Holmes,39075,44226,44374,44390,0.33,0.04,0.37,148,16,164
"Huron County, Ohio",Huron,39077,58485,58431,58218,-0.09,-0.36,-0.46,-54,-213,-267
"Jackson County, Ohio",Jackson,39079,32669,32518,32586,-0.46,0.21,-0.25,-151,68,-83
"Jefferson County, Ohio",Jefferson,39081,65171,65111,64330,-0.09,-1.20,-1.29,-60,-781,-841
"Knox County, Ohio",Knox,39083,62783,62547,63183,-0.38,1.02,0.64,-236,636,400
"Lake County, Ohio",Lake,39085,232508,232223,231842,-0.12,-0.16,-0.29,-285,-381,-666
"Lawrence County, Ohio",Lawrence,39087,58136,57400,56653,-1.27,-1.30,-2.55,-736,-747,-1483
"Licking County, Ohio",Licking,39089,178769,179962,181359,0.67,0.78,1.45,1193,1397,2590
"Logan County, Ohio",Logan,39091,46106,46129,46040,0.05,-0.19,-0.14,23,-89,-66
"Lorain County, Ohio",Lorain,39093,313495,314165,316268,0.21,0.67,0.88,670,2103,2773
"Lucas County, Ohio",Lucas,39095,430834,429360,426643,-0.34,-0.63,-0.97,-1474,-2717,-4191
"Madison County, Ohio",Madison,39097,43853,44404,43540,1.26,-1.95,-0.71,551,-864,-313
"Mahoning County, Ohio",Mahoning,39099,228005,226443,225636,-0.69,-0.36,-1.04,-1562,-807,-2369
"Marion County, Ohio",Marion,39101,65399,65311,64642,-0.13,-1.02,-1.16,-88,-669,-757
"Medina County, Ohio",Medina,39103,182636,183338,183512,0.38,0.09,0.48,702,174,876
"Meigs County, Ohio",Meigs,39105,22149,22085,21969,-0.29,-0.53,-0.81,-64,-116,-180
"Mercer County, Ohio",Mercer,39107,42526,42369,42348,-0.37,-0.05,-0.42,-157,-21,-178
"Miami County, Ohio",Miami,39109,108950,109386,110247,0.40,0.79,1.19,436,861,1297
"Monroe County, Ohio",Monroe,39111,13349,13324,13234,-0.19,-0.68,-0.86,-25,-90,-115
"Montgomery County, Ohio",Montgomery,39113,537093,536169,533892,-0.17,-0.42,-0.60,-924,-2277,-3201
"Morgan County, Ohio",Morgan,39115,13756,13689,13668,-0.49,-0.15,-0.64,-67,-21,-88
"Morrow County, Ohio",Morrow,39117,34973,35197,35339,0.64,0.40,1.05,224,142,366
"Muskingum County, Ohio",Muskingum,39119,86450,86574,86113,0.14,-0.53,-0.39,124,-461,-337
"Noble County, Ohio",Noble,39121,14086,14312,14335,1.60,0.16,1.77,226,23,249
"Ottawa County, Ohio",Ottawa,39123,40287,40156,39978,-0.33,-0.44,-0.77,-131,-178,-309
"Paulding County, Ohio",Paulding,39125,18805,18886,18757,0.43,-0.68,-0.26,81,-129,-48
"Perry County, Ohio",Perry,39127,35448,35454,35480,0.02,0.07,0.09,6,26,32
"Pickaway County, Ohio",Pickaway,39129,58646,58770,60023,0.21,2.13,2.35,124,1253,1377
"Pike County, Ohio",Pike,39131,27069,27059,27005,-0.04,-0.20,-0.24,-10,-54,-64
"Portage County, Ohio",Portage,39133,161833,158978,161745,-1.76,1.74,-0.05,-2855,2767,-88
"Preble County, Ohio",Preble,39135,41001,40894,40596,-0.26,-0.73,-0.99,-107,-298,-405
"Putnam County, Ohio",Putnam,39137,34395,34353,34334,-0.12,-0.06,-0.18,-42,-19,-61
"Richland County, Ohio",Richland,39139,124962,125327,125319,0.29,-0.01,0.29,365,-8,357
"Ross County, Ohio",Ross,39141,77064,76540,76606,-0.68,0.09,-0.59,-524,66,-458
"Sandusky County, Ohio",Sandusky,39143,58865,58763,58667,-0.17,-0.16,-0.34,-102,-96,-198
"Scioto County, Ohio",Scioto,39145,73844,73012,72194,-1.13,-1.12,-2.23,-832,-818,-1650
"Seneca County, Ohio",Seneca,39147,55051,54954,54632,-0.18,-0.59,-0.76,-97,-322,-419
"Shelby County, Ohio",Shelby,39149,48138,48030,47671,-0.22,-0.75,-0.97,-108,-359,-467
"Stark County, Ohio",Stark,39151,374486,373659,372657,-0.22,-0.27,-0.49,-827,-1002,-1829
"Summit County, Ohio",Summit,39153,539792,537247,535882,-0.47,-0.25,-0.72,-2545,-1365,-3910
"Trumbull County, Ohio",Trumbull,39155,201672,201444,200643,-0.11,-0.40,-0.51,-228,-801,-1029
"Tuscarawas County, Ohio",Tuscarawas,39157,93183,92608,91937,-0.62,-0.72,-1.34,-575,-671,-1246
"Union County, Ohio",Union,39159,63089,65110,66898,3.20,2.75,6.04,2021,1788,3809
"Van Wert County, Ohio",Van Wert,39161,28919,28776,28769,-0.49,-0.02,-0.52,-143,-7,-150
"Vinton County, Ohio",Vinton,39163,12804,12707,12565,-0.76,-1.12,-1.87,-97,-142,-239
"Warren County, Ohio",Warren,39165,243201,246822,249778,1.49,1.20,2.70,3621,2956,6577
"Washington County, Ohio",Washington,39167,59644,59459,58901,-0.31,-0.94,-1.25,-185,-558,-743
"Wayne County, Ohio",Wayne,39169,116906,116129,116559,-0.66,0.37,-0.30,-777,430,-347
"Williams County, Ohio",Williams,39171,37077,36743,36652,-0.90,-0.25,-1.15,-334,-91,-425
"Wood County, Ohio",Wood,39173,132248,130331,131592,-1.45,0.97,-0.50,-1917,1261,-656
"Wyandot County, Ohio",Wyandot,39175,21861,21704,21567,-0.72,-0.63,-1.34,-157,-137,-294
"Adair County, Oklahoma",Adair,40001,19451,19479,19576,0.14,0.50,0.64,28,97,125
"Alfalfa County, Oklahoma",Alfalfa,40003,5708,5681,5637,-0.47,-0.77,-1.24,-27,-44,-71
"Atoka County, Oklahoma",Atoka,40005,14154,14252,14262,0.69,0.07,0.76,98,10,108
"Beaver County, Oklahoma",Beaver,40007,5029,4999,5016,-0.60,0.34,-0.26,-30,17,-13
"Beckham County, Oklahoma",Beckham,40009,22342,22044,22009,-1.33,-0.16,-1.49,-298,-35,-333
"Blaine County, Oklahoma",Blaine,40011,8702,8523,8409,-2.06,-1.34,-3.37,-179,-114,-293
"Bryan County, Oklahoma",Bryan,40013,46327,47187,48182,1.86,2.11,4.00,860,995,1855
"Caddo County, Oklahoma",Caddo,40015,26900,26441,26198,-1.71,-0.92,-2.61,-459,-243,-702
"Canadian County, Oklahoma",Canadian,40017,155425,161981,169149,4.22,4.43,8.83,6556,7168,13724
"Carter County, Oklahoma",Carter,40019,48036,48324,48510,0.60,0.38,0.99,288,186,474
"Cherokee County, Oklahoma",Cherokee,40021,47090,47631,48098,1.15,0.98,2.14,541,467,1008
"Choctaw County, Oklahoma",Choctaw,40023,14201,14314,14358,0.80,0.31,1.11,113,44,157
"Cimarron County, Oklahoma",Cimarron,40025,2290,2255,2252,-1.53,-0.13,-1.66,-35,-3,-38
"Cleveland County, Oklahoma",Cleveland,40027,296207,298099,299587,0.64,0.50,1.14,1892,1488,3380
"Coal County, Oklahoma",Coal,40029,5284,5319,5313,0.66,-0.11,0.55,35,-6,29
"Comanche County, Oklahoma",Comanche,40031,121125,122438,123046,1.08,0.50,1.59,1313,608,1921
"Cotton County, Oklahoma",Cotton,40033,5535,5467,5477,-1.23,0.18,-1.05,-68,10,-58
"Craig County, Oklahoma",Craig,40035,14136,14176,14123,0.28,-0.37,-0.09,40,-53,-13
"Creek County, Oklahoma",Creek,40037,71837,72186,72699,0.49,0.71,1.20,349,513,862
"Custer County, Oklahoma",Custer,40039,28444,28132,27886,-1.10,-0.87,-1.96,-312,-246,-558
"Delaware County, Oklahoma",Delaware,40041,40385,40927,41413,1.34,1.19,2.55,542,486,1028
"Dewey County, Oklahoma",Dewey,40043,4474,4415,4401,-1.32,-0.32,-1.63,-59,-14,-73
"Ellis County, Oklahoma",Ellis,40045,3739,3731,3657,-0.21,-1.98,-2.19,-8,-74,-82
"Garfield County, Oklahoma",Garfield,40047,62692,61947,61920,-1.19,-0.04,-1.23,-745,-27,-772
"Garvin County, Oklahoma",Garvin,40049,25645,25738,25713,0.36,-0.10,0.27,93,-25,68
"Grady County, Oklahoma",Grady,40051,54873,55608,56658,1.34,1.89,3.25,735,1050,1785
"Grant County, Oklahoma",Grant,40053,4174,4153,4124,-0.50,-0.70,-1.20,-21,-29,-50
"Greer County, Oklahoma",Greer,40055,5493,5483,5547,-0.18,1.17,0.98,-10,64,54
"Harmon County, Oklahoma",Harmon,40057,2473,2413,2428,-2.43,0.62,-1.82,-60,15,-45
"Harper County, Oklahoma",Harper,40059,3248,3172,3129,-2.34,-1.36,-3.66,-76,-43,-119
"Haskell County, Oklahoma",Haskell,40061,11552,11601,11641,0.42,0.34,0.77,49,40,89
"Hughes County, Oklahoma",Hughes,40063,13348,13394,13407,0.34,0.10,0.44,46,13,59
"Jackson County, Oklahoma",Jackson,40065,24736,24720,24556,-0.06,-0.66,-0.73,-16,-164,-180
"Jefferson County, Oklahoma",Jefferson,40067,5325,5396,5389,1.33,-0.13,1.20,71,-7,64
"Johnston County, Oklahoma",Johnston,40069,10241,10357,10406,1.13,0.47,1.61,116,49,165
"Kay County, Oklahoma",Kay,40071,43609,43724,43668,0.26,-0.13,0.14,115,-56,59
"Kingfisher County, Oklahoma",Kingfisher,40073,15174,15253,15293,0.52,0.26,0.78,79,40,119
"Kiowa County, Oklahoma",Kiowa,40075,8493,8358,8345,-1.59,-0.16,-1.74,-135,-13,-148
"Latimer County, Oklahoma",Latimer,40077,9481,9482,9630,0.01,1.56,1.57,1,148,149
"Le Flore County, Oklahoma",Le Flore,40079,48195,48601,48907,0.84,0.63,1.48,406,306,712
"Lincoln County, Oklahoma",Lincoln,40081,33495,33856,34188,1.08,0.98,2.07,361,332,693
"Logan County, Oklahoma",Logan,40083,49743,50924,51933,2.37,1.98,4.40,1181,1009,2190
"Love County, Oklahoma",Love,40085,10159,10244,10218,0.84,-0.25,0.58,85,-26,59
"McClain County, Oklahoma",McClain,40087,41911,43497,45306,3.78,4.16,8.10,1586,1809,3395
"McCurtain County, Oklahoma",McCurtain,40089,30838,30884,30931,0.15,0.15,0.30,46,47,93
"McIntosh County, Oklahoma",McIntosh,40091,18950,19262,19451,1.65,0.98,2.64,312,189,501
"Major County, Oklahoma",Major,40093,7746,7617,7502,-1.67,-1.51,-3.15,-129,-115,-244
"Marshall County, Oklahoma",Marshall,40095,15340,15546,15882,1.34,2.16,3.53,206,336,542
"Mayes County, Oklahoma",Mayes,40097,39053,39246,39589,0.49,0.87,1.37,193,343,536
"Murray County, Oklahoma",Murray,40099,13877,13712,13672,-1.19,-0.29,-1.48,-165,-40,-205
"Muskogee County, Oklahoma",Muskogee,40101,66241,66255,66354,0.02,0.15,0.17,14,99,113
"Noble County, Oklahoma",Noble,40103,10922,10942,10896,0.18,-0.42,-0.24,20,-46,-26
"Nowata County, Oklahoma",Nowata,40105,9322,9387,9483,0.70,1.02,1.73,65,96,161
"Okfuskee County, Oklahoma",Okfuskee,40107,11271,11196,11134,-0.67,-0.55,-1.22,-75,-62,-137
"Oklahoma County, Oklahoma",Oklahoma,40109,798200,799622,802559,0.18,0.37,0.55,1422,2937,4359
"Okmulgee County, Oklahoma",Okmulgee,40111,36686,36827,36990,0.38,0.44,0.83,141,163,304
"Osage County, Oklahoma",Osage,40113,45778,45868,45839,0.20,-0.06,0.13,90,-29,61
"Ottawa County, Oklahoma",Ottawa,40115,30229,30400,30338,0.57,-0.20,0.36,171,-62,109
"Pawnee County, Oklahoma",Pawnee,40117,15552,15761,15757,1.34,-0.03,1.32,209,-4,205
"Payne County, Oklahoma",Payne,40119,81645,82149,82794,0.62,0.79,1.41,504,645,1149
"Pittsburg County, Oklahoma",Pittsburg,40121,43784,43695,43613,-0.20,-0.19,-0.39,-89,-82,-171
"Pontotoc County, Oklahoma",Pontotoc,40123,38087,38195,38141,0.28,-0.14,0.14,108,-54,54
"Pottawatomie County, Oklahoma",Pottawatomie,40125,72542,73092,73533,0.76,0.60,1.37,550,441,991
"Pushmataha County, Oklahoma",Pushmataha,40127,10796,10789,10769,-0.06,-0.19,-0.25,-7,-20,-27
"Roger Mills County, Oklahoma",Roger Mills,40129,3428,3361,3320,-1.95,-1.22,-3.15,-67,-41,-108
"Rogers County, Oklahoma",Rogers,40131,95387,96796,98836,1.48,2.11,3.62,1409,2040,3449
"Seminole County, Oklahoma",Seminole,40133,23515,23498,23351,-0.07,-0.63,-0.70,-17,-147,-164
"Sequoyah County, Oklahoma",Sequoyah,40135,39246,39442,39667,0.50,0.57,1.07,196,225,421
"Stephens County, Oklahoma",Stephens,40137,42814,43174,43710,0.84,1.24,2.09,360,536,896
"Texas County, Oklahoma",Texas,40139,21291,20822,20495,-2.20,-1.57,-3.74,-469,-327,-796
"Tillman County, Oklahoma",Tillman,40141,6948,7039,6977,1.31,-0.88,0.42,91,-62,29
"Tulsa County, Oklahoma",Tulsa,40143,670653,673961,677358,0.49,0.50,1.00,3308,3397,6705
"Wagoner County, Oklahoma",Wagoner,40145,81379,84198,86644,3.46,2.91,6.47,2819,2446,5265
"Washington County, Oklahoma",Washington,40147,52604,52857,53242,0.48,0.73,1.21,253,385,638
"Washita County, Oklahoma",Washita,40149,10903,10881,10732,-0.20,-1.37,-1.57,-22,-149,-171
"Woods County, Oklahoma",Woods,40151,8598,8613,8587,0.17,-0.30,-0.13,15,-26,-11
"Woodward County, Oklahoma",Woodward,40153,20406,20216,19990,-0.93,-1.12,-2.04,-190,-226,-416
"Baker County, Oregon",Baker,41001,16725,16873,16938,0.88,0.39,1.27,148,65,213
"Benton County, Oregon",Benton,41003,95208,96277,97630,1.12,1.41,2.54,1069,1353,2422
"Clackamas County, Oregon",Clackamas,41005,422444,423763,423177,0.31,-0.14,0.17,1319,-586,733
"Clatsop County, Oregon",Clatsop,41007,41160,41916,41695,1.84,-0.53,1.30,756,-221,535
"Columbia County, Oregon",Columbia,41009,52730,53229,53588,0.95,0.67,1.63,499,359,858
"Coos County, Oregon",Coos,41011,64971,65119,64990,0.23,-0.20,0.03,148,-129,19
"Crook County, Oregon",Crook,41013,24923,25753,26375,3.33,2.42,5.83,830,622,1452
"Curry County, Oregon",Curry,41015,23516,23720,23598,0.87,-0.51,0.35,204,-122,82
"Deschutes County, Oregon",Deschutes,41017,199454,205358,206549,2.96,0.58,3.56,5904,1191,7095
"Douglas County, Oregon",Douglas,41019,111288,112057,112297,0.69,0.21,0.91,769,240,1009
"Gilliam County, Oregon",Gilliam,41021,2017,2015,2018,-0.10,0.15,0.05,-2,3,1
"Grant County, Oregon",Grant,41023,7241,7288,7218,0.65,-0.96,-0.32,47,-70,-23
"Harney County, Oregon",Harney,41025,7502,7590,7515,1.17,-0.99,0.17,88,-75,13
"Hood River County, Oregon",Hood River,41027,23958,24094,24048,0.57,-0.19,0.38,136,-46,90
"Jackson County, Oregon",Jackson,41029,223614,224327,221644,0.32,-1.20,-0.88,713,-2683,-1970
"Jefferson County, Oregon",Jefferson,41031,24577,25122,25330,2.22,0.83,3.06,545,208,753
"Josephine County, Oregon",Josephine,41033,88235,88590,87730,0.40,-0.97,-0.57,355,-860,-505
"Klamath County, Oregon",Klamath,41035,69547,70255,70212,1.02,-0.06,0.96,708,-43,665
"Lake County, Oregon",Lake,41037,8167,8285,8385,1.44,1.21,2.67,118,100,218
"Lane County, Oregon",Lane,41039,383279,384063,382353,0.20,-0.45,-0.24,784,-1710,-926
"Lincoln County, Oregon",Lincoln,41041,50507,51026,50813,1.03,-0.42,0.61,519,-213,306
"Linn County, Oregon",Linn,41043,128978,129948,130467,0.75,0.40,1.15,970,519,1489
"Malheur County, Oregon",Malheur,41045,31650,31709,31879,0.19,0.54,0.72,59,170,229
"Marion County, Oregon",Marion,41047,346339,347775,346703,0.41,-0.31,0.11,1436,-1072,364
"Morrow County, Oregon",Morrow,41049,12220,12358,12300,1.13,-0.47,0.65,138,-58,80
"Multnomah County, Oregon",Multnomah,41051,816467,805593,795083,-1.33,-1.30,-2.62,-10874,-10510,-21384
"Polk County, Oregon",Polk,41053,87950,89384,89614,1.63,0.26,1.89,1434,230,1664
"Sherman County, Oregon",Sherman,41055,1873,1912,1955,2.08,2.25,4.38,39,43,82
"Tillamook County, Oregon",Tillamook,41057,27466,27800,27574,1.22,-0.81,0.39,334,-226,108
"Umatilla County, Oregon",Umatilla,41059,80098,80154,80215,0.07,0.08,0.15,56,61,117
"Union County, Oregon",Union,41061,26167,26276,26177,0.42,-0.38,0.04,109,-99,10
"Wallowa County, Oregon",Wallowa,41063,7401,7554,7659,2.07,1.39,3.49,153,105,258
"Wasco County, Oregon",Wasco,41065,26631,26735,26561,0.39,-0.65,-0.26,104,-174,-70
"Washington County, Oregon",Washington,41067,601101,602494,600176,0.23,-0.38,-0.15,1393,-2318,-925
"Wheeler County, Oregon",Wheeler,41069,1460,1453,1445,-0.48,-0.55,-1.03,-7,-8,-15
"Yamhill County, Oregon",Yamhill,41071,107931,108436,108226,0.47,-0.19,0.27,505,-210,295
"Adams County, Pennsylvania",Adams,42001,103779,105632,106027,1.79,0.37,2.17,1853,395,2248
"Allegheny County, Pennsylvania",Allegheny,42003,1249524,1245445,1233253,-0.33,-0.98,-1.30,-4079,-12192,-16271
"Armstrong County, Pennsylvania",Armstrong,42005,65459,65138,64747,-0.49,-0.60,-1.09,-321,-391,-712
"Beaver County, Pennsylvania",Beaver,42007,167860,166914,165677,-0.56,-0.74,-1.30,-946,-1237,-2183
"Bedford County, Pennsylvania",Bedford,42009,47569,47495,47418,-0.16,-0.16,-0.32,-74,-77,-151
"Berks County, Pennsylvania",Berks,42011,428631,429612,430449,0.23,0.19,0.42,981,837,1818
"Blair County, Pennsylvania",Blair,42013,122651,122181,121032,-0.38,-0.94,-1.32,-470,-1149,-1619
"Bradford County, Pennsylvania",Bradford,42015,59969,60099,59866,0.22,-0.39,-0.17,130,-233,-103
"Bucks County, Pennsylvania",Bucks,42017,646112,647159,645054,0.16,-0.33,-0.16,1047,-2105,-1058
"Butler County, Pennsylvania",Butler,42019,194056,196789,197300,1.41,0.26,1.67,2733,511,3244
"Cambria County, Pennsylvania",Cambria,42021,133199,132281,131441,-0.69,-0.64,-1.32,-918,-840,-1758
"Cameron County, Pennsylvania",Cameron,42023,4531,4461,4418,-1.54,-0.96,-2.49,-70,-43,-113
"Carbon County, Pennsylvania",Carbon,42025,64744,65460,65460,1.11,0.00,1.11,716,0,716
"Centre County, Pennsylvania",Centre,42027,157962,157990,158425,0.02,0.28,0.29,28,435,463
"Chester County, Pennsylvania",Chester,42029,534783,540864,545823,1.14,0.92,2.06,6081,4959,11040
"Clarion County, Pennsylvania",Clarion,42031,37193,37581,37346,1.04,-0.63,0.41,388,-235,153
"Clearfield County, Pennsylvania",Clearfield,42033,80438,78333,77904,-2.62,-0.55,-3.15,-2105,-429,-2534
"Clinton County, Pennsylvania",Clinton,42035,37380,38035,37931,1.75,-0.27,1.47,655,-104,551
"Columbia County, Pennsylvania",Columbia,42037,64682,64980,64926,0.46,-0.08,0.38,298,-54,244
"Crawford County, Pennsylvania",Crawford,42039,83797,83202,82670,-0.71,-0.64,-1.34,-595,-532,-1127
"Cumberland County, Pennsylvania",Cumberland,42041,260223,265593,268579,2.06,1.12,3.21,5370,2986,8356
"Dauphin County, Pennsylvania",Dauphin,42043,286685,288187,288800,0.52,0.21,0.74,1502,613,2115
"Delaware County, Pennsylvania",Delaware,42045,576323,576772,575182,0.08,-0.28,-0.20,449,-1590,-1141
"Elk County, Pennsylvania",Elk,42047,30926,30771,30477,-0.50,-0.96,-1.45,-155,-294,-449
"Erie County, Pennsylvania",Erie,42049,270539,269300,267689,-0.46,-0.60,-1.05,-1239,-1611,-2850
"Fayette County, Pennsylvania",Fayette,42051,128569,127113,125755,-1.13,-1.07,-2.19,-1456,-1358,-2814
"Forest County, Pennsylvania",Forest,42053,6959,6896,6626,-0.91,-3.92,-4.79,-63,-270,-333
"Franklin County, Pennsylvania",Franklin,42055,155939,156589,156902,0.42,0.20,0.62,650,313,963
"Fulton County, Pennsylvania",Fulton,42057,14572,14509,14533,-0.43,0.17,-0.27,-63,24,-39
"Greene County, Pennsylvania",Greene,42059,35859,35269,34663,-1.65,-1.72,-3.34,-590,-606,-1196
"Huntingdon County, Pennsylvania",Huntingdon,42061,44047,43937,43281,-0.25,-1.49,-1.74,-110,-656,-766
"Indiana County, Pennsylvania",Indiana,42063,83142,83158,82957,0.02,-0.24,-0.22,16,-201,-185
"Jefferson County, Pennsylvania",Jefferson,42065,44478,44142,43794,-0.76,-0.79,-1.54,-336,-348,-684
"Juniata County, Pennsylvania",Juniata,42067,23471,23348,23339,-0.52,-0.04,-0.56,-123,-9,-132
"Lackawanna County, Pennsylvania",Lackawanna,42069,215523,215957,215615,0.20,-0.16,0.04,434,-342,92
"Lancaster County, Pennsylvania",Lancaster,42071,552761,556049,556629,0.59,0.10,0.70,3288,580,3868
"Lawrence County, Pennsylvania",Lawrence,42073,85959,85554,84849,-0.47,-0.82,-1.29,-405,-705,-1110
"Lebanon County, Pennsylvania",Lebanon,42075,143282,143809,144011,0.37,0.14,0.51,527,202,729
"Lehigh County, Pennsylvania",Lehigh,42077,374477,375760,376317,0.34,0.15,0.49,1283,557,1840
"Luzerne County, Pennsylvania",Luzerne,42079,325197,325889,326369,0.21,0.15,0.36,692,480,1172
"Lycoming County, Pennsylvania",Lycoming,42081,114108,113595,113104,-0.45,-0.43,-0.88,-513,-491,-1004
"McKean County, Pennsylvania",McKean,42083,40392,40292,39866,-0.25,-1.06,-1.30,-100,-426,-526
"Mercer County, Pennsylvania",Mercer,42085,110534,109950,109220,-0.53,-0.66,-1.19,-584,-730,-1314
"Mifflin County, Pennsylvania",Mifflin,42087,46144,46187,45988,0.09,-0.43,-0.34,43,-199,-156
"Monroe County, Pennsylvania",Monroe,42089,168316,168629,167198,0.19,-0.85,-0.66,313,-1431,-1118
"Montgomery County, Pennsylvania",Montgomery,42091,856938,864022,864683,0.83,0.08,0.90,7084,661,7745
"Montour County, Pennsylvania",Montour,42093,18129,18103,18091,-0.14,-0.07,-0.21,-26,-12,-38
"Northampton County, Pennsylvania",Northampton,42095,312774,318051,318526,1.69,0.15,1.84,5277,475,5752
"Northumberland County, Pennsylvania",Northumberland,42097,91542,91013,90133,-0.58,-0.97,-1.54,-529,-880,-1409
"Perry County, Pennsylvania",Perry,42099,45828,45941,46114,0.25,0.38,0.62,113,173,286
"Philadelphia County, Pennsylvania",Philadelphia,42101,1600600,1589480,1567258,-0.69,-1.40,-2.08,-11120,-22222,-33342
"Pike County, Pennsylvania",Pike,42103,58560,59965,60558,2.40,0.99,3.41,1405,593,1998
"Potter County, Pennsylvania",Potter,42105,16385,16287,16220,-0.60,-0.41,-1.01,-98,-67,-165
"Schuylkill County, Pennsylvania",Schuylkill,42107,142946,143201,143104,0.18,-0.07,0.11,255,-97,158
"Snyder County, Pennsylvania",Snyder,42109,39727,39742,39652,0.04,-0.23,-0.19,15,-90,-75
"Somerset County, Pennsylvania",Somerset,42111,74016,72999,72710,-1.37,-0.40,-1.76,-1017,-289,-1306
"Sullivan County, Pennsylvania",Sullivan,42113,5823,5859,5855,0.62,-0.07,0.55,36,-4,32
"Susquehanna County, Pennsylvania",Susquehanna,42115,38334,38363,38074,0.08,-0.75,-0.68,29,-289,-260
"Tioga County, Pennsylvania",Tioga,42117,41014,41335,41106,0.78,-0.55,0.22,321,-229,92
"Union County, Pennsylvania",Union,42119,42639,42419,42744,-0.52,0.77,0.25,-220,325,105
"Venango County, Pennsylvania",Venango,42121,50354,50038,49777,-0.63,-0.52,-1.15,-316,-261,-577
"Warren County, Pennsylvania",Warren,42123,38516,38115,37808,-1.04,-0.81,-1.84,-401,-307,-708
"Washington County, Pennsylvania",Washington,42125,209382,210012,210383,0.30,0.18,0.48,630,371,1001
"Wayne County, Pennsylvania",Wayne,42127,51151,51195,51173,0.09,-0.04,0.04,44,-22,22
"Westmoreland County, Pennsylvania",Westmoreland,42129,354316,353765,352057,-0.16,-0.48,-0.64,-551,-1708,-2259
"Wyoming County, Pennsylvania",Wyoming,42131,26030,26100,26014,0.27,-0.33,-0.06,70,-86,-16
"York County, Pennsylvania",York,42133,456692,459148,461058,0.54,0.42,0.96,2456,1910,4366
"Bristol County, Rhode Island",Bristol,44001,50774,50800,50360,0.05,-0.87,-0.82,26,-440,-414
"Kent County, Rhode Island",Kent,44003,170386,170997,171275,0.36,0.16,0.52,611,278,889
"Providence County, Rhode Island",Providence,44007,659920,658646,657288,-0.19,-0.21,-0.40,-1274,-1358,-2632
"Washington County, Rhode Island",Washington,44009,129757,130880,130330,0.87,-0.42,0.44,1123,-550,573
"Abbeville County, South Carolina",Abbeville,45001,24256,24258,24356,0.01,0.40,0.41,2,98,100
"Aiken County, South Carolina",Aiken,45003,169163,171263,174150,1.24,1.69,2.95,2100,2887,4987
"Allendale County, South Carolina",Allendale,45005,7992,7870,7579,-1.53,-3.70,-5.17,-122,-291,-413
"Anderson County, South Carolina",Anderson,45007,204176,206852,209581,1.31,1.32,2.65,2676,2729,5405
"Bamberg County, South Carolina",Bamberg,45009,13261,13112,12908,-1.12,-1.56,-2.66,-149,-204,-353
"Barnwell County, South Carolina",Barnwell,45011,20580,20580,20414,0.00,-0.81,-0.81,0,-166,-166
"Beaufort County, South Carolina",Beaufort,45013,187819,192007,196371,2.23,2.27,4.55,4188,4364,8552
"Berkeley County, South Carolina",Berkeley,45015,231538,236871,245117,2.30,3.48,5.86,5333,8246,13579
"Calhoun County, South Carolina",Calhoun,45017,14113,14134,14179,0.15,0.32,0.47,21,45,66
"Charleston County, South Carolina",Charleston,45019,409716,414403,419279,1.14,1.18,2.33,4687,4876,9563
"Cherokee County, South Carolina",Cherokee,45021,56207,56025,56121,-0.32,0.17,-0.15,-182,96,-86
"Chester County, South Carolina",Chester,45023,32278,32097,31931,-0.56,-0.52,-1.08,-181,-166,-347
"Chesterfield County, South Carolina",Chesterfield,45025,43250,43337,43683,0.20,0.80,1.00,87,346,433
"Clarendon County, South Carolina",Clarendon,45027,30835,30950,30913,0.37,-0.12,0.25,115,-37,78
"Colleton County, South Carolina",Colleton,45029,38536,38427,38599,-0.28,0.45,0.16,-109,172,63
"Darlington County, South Carolina",Darlington,45031,62843,62708,62398,-0.21,-0.49,-0.71,-135,-310,-445
"Dillon County, South Carolina",Dillon,45033,28275,27981,27738,-1.04,-0.87,-1.90,-294,-243,-537
"Dorchester County, South Carolina",Dorchester,45035,162159,163508,166133,0.83,1.61,2.45,1349,2625,3974
"Edgefield County, South Carolina",Edgefield,45037,25672,26285,26932,2.39,2.46,4.91,613,647,1260
"Fairfield County, South Carolina",Fairfield,45039,20880,20698,20455,-0.87,-1.17,-2.04,-182,-243,-425
"Florence County, South Carolina",Florence,45041,136811,136439,136721,-0.27,0.21,-0.07,-372,282,-90
"Georgetown County, South Carolina",Georgetown,45043,63506,63991,64722,0.76,1.14,1.91,485,731,1216
"Greenville County, South Carolina",Greenville,45045,527207,534521,547950,1.39,2.51,3.93,7314,13429,20743
"Greenwood County, South Carolina",Greenwood,45047,69388,69148,69267,-0.35,0.17,-0.17,-240,119,-121
"Hampton County, South Carolina",Hampton,45049,18519,18236,18113,-1.53,-0.67,-2.19,-283,-123,-406
"Horry County, South Carolina",Horry,45051,353745,366011,383101,3.47,4.67,8.30,12266,17090,29356
"Jasper County, South Carolina",Jasper,45053,29143,30456,32039,4.51,5.20,9.94,1313,1583,2896
"Kershaw County, South Carolina",Kershaw,45055,65581,66121,67751,0.82,2.47,3.31,540,1630,2170
"Lancaster County, South Carolina",Lancaster,45057,96576,100522,104577,4.09,4.03,8.28,3946,4055,8001
"Laurens County, South Carolina",Laurens,45059,67624,67817,67965,0.29,0.22,0.50,193,148,341
"Lee County, South Carolina",Lee,45061,16533,16266,16153,-1.61,-0.69,-2.30,-267,-113,-380
"Lexington County, South Carolina",Lexington,45063,295033,300482,304797,1.85,1.44,3.31,5449,4315,9764
"McCormick County, South Carolina",McCormick,45065,9505,9782,9764,2.91,-0.18,2.72,277,-18,259
"Marion County, South Carolina",Marion,45067,29083,28839,28450,-0.84,-1.35,-2.18,-244,-389,-633
"Marlboro County, South Carolina",Marlboro,45069,26481,26265,26039,-0.82,-0.86,-1.67,-216,-226,-442
"Newberry County, South Carolina",Newberry,45071,37731,37957,38247,0.60,0.76,1.37,226,290,516
"Oconee County, South Carolina",Oconee,45073,78778,79322,80180,0.69,1.08,1.78,544,858,1402
"Orangeburg County, South Carolina",Orangeburg,45075,83956,82798,83094,-1.38,0.36,-1.03,-1158,296,-862
"Pickens County, South Carolina",Pickens,45077,131669,132079,133462,0.31,1.05,1.36,410,1383,1793
"Richland County, South Carolina",Richland,45079,415645,417132,421566,0.36,1.06,1.42,1487,4434,5921
"Saluda County, South Carolina",Saluda,45081,18830,18821,18938,-0.05,0.62,0.57,-9,117,108
"Spartanburg County, South Carolina",Spartanburg,45083,329365,335406,345831,1.83,3.11,5.00,6041,10425,16466
"Sumter County, South Carolina",Sumter,45085,105474,104856,104012,-0.59,-0.80,-1.39,-618,-844,-1462
"Union County, South Carolina",Union,45087,27176,26994,26752,-0.67,-0.90,-1.56,-182,-242,-424
"Williamsburg County, South Carolina",Williamsburg,45089,30908,30384,30058,-1.70,-1.07,-2.75,-524,-326,-850
"York County, South Carolina",York,45091,284032,289255,294248,1.84,1.73,3.60,5223,4993,10216
"Aurora County, South Dakota",Aurora,46003,2733,2732,2755,-0.04,0.84,0.80,-1,23,22
"Beadle County, South Dakota",Beadle,46005,19165,19182,19376,0.09,1.01,1.10,17,194,211
"Bennett County, South Dakota",Bennett,46007,3389,3400,3336,0.32,-1.88,-1.56,11,-64,-53
"Bon Homme County, South Dakota",Bon Homme,46009,6973,7011,7062,0.54,0.73,1.28,38,51,89
"Brookings County, South Dakota",Brookings,46011,34350,34710,35484,1.05,2.23,3.30,360,774,1134
"Brown County, South Dakota",Brown,46013,38222,38090,37972,-0.35,-0.31,-0.65,-132,-118,-250
"Brule County, South Dakota",Brule,46015,5253,5254,5321,0.02,1.28,1.29,1,67,68
"Buffalo County, South Dakota",Buffalo,46017,1938,1912,1861,-1.34,-2.67,-3.97,-26,-51,-77
"Butte County, South Dakota",Butte,46019,10286,10530,10774,2.37,2.32,4.74,244,244,488
"Campbell County, South Dakota",Campbell,46021,1377,1375,1349,-0.15,-1.89,-2.03,-2,-26,-28
"Charles Mix County, South Dakota",Charles Mix,46023,9356,9186,9213,-1.82,0.29,-1.53,-170,27,-143
"Clark County, South Dakota",Clark,46025,3855,3867,3912,0.31,1.16,1.48,12,45,57
"Clay County, South Dakota",Clay,46027,14996,15155,15280,1.06,0.82,1.89,159,125,284
"Codington County, South Dakota",Codington,46029,28350,28467,28721,0.41,0.89,1.31,117,254,371
"Corson County, South Dakota",Corson,46031,3891,3843,3826,-1.23,-0.44,-1.67,-48,-17,-65
"Custer County, South Dakota",Custer,46033,8334,8635,9006,3.61,4.30,8.06,301,371,672
"Davison County, South Dakota",Davison,46035,19962,19926,19973,-0.18,0.24,0.06,-36,47,11
"Day County, South Dakota",Day,46037,5442,5435,5479,-0.13,0.81,0.68,-7,44,37
"Deuel County, South Dakota",Deuel,46039,4294,4280,4352,-0.33,1.68,1.35,-14,72,58
"Dewey County, South Dakota",Dewey,46041,5224,5218,5140,-0.11,-1.49,-1.61,-6,-78,-84
"Douglas County, South Dakota",Douglas,46043,2829,2809,2776,-0.71,-1.17,-1.87,-20,-33,-53
"Edmunds County, South Dakota",Edmunds,46045,3982,4028,4065,1.16,0.92,2.08,46,37,83
"Fall River County, South Dakota",Fall River,46047,6972,7189,7370,3.11,2.52,5.71,217,181,398
"Faulk County, South Dakota",Faulk,46049,2128,2126,2126,-0.09,0.00,-0.09,-2,0,-2
"Grant County, South Dakota",Grant,46051,7532,7532,7463,0.00,-0.92,-0.92,0,-69,-69
"Gregory County, South Dakota",Gregory,46053,3997,3952,3962,-1.13,0.25,-0.88,-45,10,-35
"Haakon County, South Dakota",Haakon,46055,1870,1834,1826,-1.93,-0.44,-2.35,-36,-8,-44
"Hamlin County, South Dakota",Hamlin,46057,6157,6263,6352,1.72,1.42,3.17,106,89,195
"Hand County, South Dakota",Hand,46059,3145,3095,3140,-1.59,1.45,-0.16,-50,45,-5
"Hanson County, South Dakota",Hanson,46061,3465,3496,3461,0.89,-1.00,-0.12,31,-35,-4
"Harding County, South Dakota",Harding,46063,1307,1320,1330,0.99,0.76,1.76,13,10,23
"Hughes County, South Dakota",Hughes,46065,17745,17768,17692,0.13,-0.43,-0.30,23,-76,-53
"Hutchinson County, South Dakota",Hutchinson,46067,7421,7400,7368,-0.28,-0.43,-0.71,-21,-32,-53
"Hyde County, South Dakota",Hyde,46069,1249,1215,1184,-2.72,-2.55,-5.20,-34,-31,-65
"Jackson County, South Dakota",Jackson,46071,2801,2846,2821,1.61,-0.88,0.71,45,-25,20
"Jerauld County, South Dakota",Jerauld,46073,1648,1640,1650,-0.49,0.61,0.12,-8,10,2
"Jones County, South Dakota",Jones,46075,925,884,884,-4.43,0.00,-4.43,-41,0,-41
"Kingsbury County, South Dakota",Kingsbury,46077,5203,5201,5294,-0.04,1.79,1.75,-2,93,91
"Lake County, South Dakota",Lake,46079,11008,10863,10972,-1.32,1.00,-0.33,-145,109,-36
"Lawrence County, South Dakota",Lawrence,46081,25838,26138,27214,1.16,4.12,5.33,300,1076,1376
"Lincoln County, South Dakota",Lincoln,46083,65650,67995,70987,3.57,4.40,8.13,2345,2992,5337
"Lyman County, South Dakota",Lyman,46085,3709,3753,3692,1.19,-1.63,-0.46,44,-61,-17
"McCook County, South Dakota",McCook,46087,5673,5723,5778,0.88,0.96,1.85,50,55,105
"McPherson County, South Dakota",McPherson,46089,2402,2414,2395,0.50,-0.79,-0.29,12,-19,-7
"Marshall County, South Dakota",Marshall,46091,4315,4319,4374,0.09,1.27,1.37,4,55,59
"Meade County, South Dakota",Meade,46093,29900,30270,30698,1.24,1.41,2.67,370,428,798
"Mellette County, South Dakota",Mellette,46095,1921,1908,1892,-0.68,-0.84,-1.51,-13,-16,-29
"Miner County, South Dakota",Miner,46097,2310,2329,2304,0.82,-1.07,-0.26,19,-25,-6
"Minnehaha County, South Dakota",Minnehaha,46099,197686,199925,203971,1.13,2.02,3.18,2239,4046,6285
"Moody County, South Dakota",Moody,46101,6343,6314,6349,-0.46,0.55,0.09,-29,35,6
"Oglala Lakota County, South Dakota",Pennington,46103,13645,13549,13519,-0.70,-0.22,-0.92,-96,-30,-126
"Pennington County, South Dakota",Perkins,46105,109563,111854,114461,2.09,2.33,4.47,2291,2607,4898
"Perkins County, South Dakota",Potter,46107,2842,2823,2804,-0.67,-0.67,-1.34,-19,-19,-38
"Potter County, South Dakota",Roberts,46109,2480,2471,2438,-0.36,-1.34,-1.69,-9,-33,-42
"Roberts County, South Dakota",Sanborn,46111,10250,10178,10163,-0.70,-0.15,-0.85,-72,-15,-87
"Sanborn County, South Dakota",Shannon,46113,2325,2383,2415,2.49,1.34,3.87,58,32,90
"Spink County, South Dakota",Spink,46115,6347,6273,6235,-1.17,-0.61,-1.76,-74,-38,-112
"Stanley County, South Dakota",Stanley,46117,2969,3017,2999,1.62,-0.60,1.01,48,-18,30
"Sully County, South Dakota",Sully,46119,1452,1471,1471,1.31,0.00,1.31,19,0,19
"Todd County, South Dakota",Todd,46121,9317,9292,9220,-0.27,-0.77,-1.04,-25,-72,-97
"Tripp County, South Dakota",Tripp,46123,5603,5566,5565,-0.66,-0.02,-0.68,-37,-1,-38
"Turner County, South Dakota",Turner,46125,8672,8682,8856,0.12,2.00,2.12,10,174,184
"Union County, South Dakota",Union,46127,16853,16868,17063,0.09,1.16,1.25,15,195,210
"Walworth County, South Dakota",Walworth,46129,5286,5246,5265,-0.76,0.36,-0.40,-40,19,-21
"Yankton County, South Dakota",Yankton,46135,23282,23334,23373,0.22,0.17,0.39,52,39,91
"Ziebach County, South Dakota",Ziebach,46137,2392,2400,2395,0.33,-0.21,0.13,8,-5,3
"Anderson County, Tennessee",Anderson,47001,77302,77567,78913,0.34,1.74,2.08,265,1346,1611
"Bedford County, Tennessee",Bedford,47003,50381,51157,51950,1.54,1.55,3.11,776,793,1569
"Benton County, Tennessee",Benton,47005,15850,15839,16002,-0.07,1.03,0.96,-11,163,152
"Bledsoe County, Tennessee",Bledsoe,47007,14954,14844,14798,-0.74,-0.31,-1.04,-110,-46,-156
"Blount County, Tennessee",Blount,47009,135649,137649,139958,1.47,1.68,3.18,2000,2309,4309
"Bradley County, Tennessee",Bradley,47011,108820,109769,110616,0.87,0.77,1.65,949,847,1796
"Campbell County, Tennessee",Campbell,47013,39301,39409,39584,0.27,0.44,0.72,108,175,283
"Cannon County, Tennessee",Cannon,47015,14568,14535,14788,-0.23,1.74,1.51,-33,253,220
"Carroll County, Tennessee",Carroll,47017,28421,28287,28458,-0.47,0.60,0.13,-134,171,37
"Carter County, Tennessee",Carter,47019,56362,56060,56410,-0.54,0.62,0.09,-302,350,48
"Cheatham County, Tennessee",Cheatham,47021,41128,41547,41830,1.02,0.68,1.71,419,283,702
"Chester County, Tennessee",Chester,47023,17377,17479,17609,0.59,0.74,1.34,102,130,232
"Claiborne County, Tennessee",Claiborne,47025,32066,32146,32431,0.25,0.89,1.14,80,285,365
"Clay County, Tennessee",Clay,47027,7588,7572,7620,-0.21,0.63,0.42,-16,48,32
"Cocke County, Tennessee",Cocke,47029,36039,36370,36879,0.92,1.40,2.33,331,509,840
"Coffee County, Tennessee",Coffee,47031,58134,58933,59728,1.37,1.35,2.74,799,795,1594
"Crockett County, Tennessee",Crockett,47033,13903,13993,13888,0.65,-0.75,-0.11,90,-105,-15
"Cumberland County, Tennessee",Cumberland,47035,61377,62431,63522,1.72,1.75,3.49,1054,1091,2145
"Davidson County, Tennessee",Davidson,47037,716058,703372,708144,-1.77,0.68,-1.11,-12686,4772,-7914
"Decatur County, Tennessee",Decatur,47039,11437,11413,11564,-0.21,1.32,1.11,-24,151,127
"DeKalb County, Tennessee",DeKalb,47041,20187,20478,21003,1.44,2.56,4.04,291,525,816
"Dickson County, Tennessee",Dickson,47043,54442,55174,55761,1.34,1.06,2.42,732,587,1319
"Dyer County, Tennessee",Dyer,47045,36709,36586,36410,-0.34,-0.48,-0.81,-123,-176,-299
"Fayette County, Tennessee",Fayette,47047,42151,42899,43630,1.77,1.70,3.51,748,731,1479
"Fentress County, Tennessee",Fentress,47049,18533,18837,19332,1.64,2.63,4.31,304,495,799
"Franklin County, Tennessee",Franklin,47051,42839,43247,43942,0.95,1.61,2.57,408,695,1103
"Gibson County, Tennessee",Gibson,47053,50436,50537,50837,0.20,0.59,0.80,101,300,401
"Giles County, Tennessee",Giles,47055,30340,30403,30554,0.21,0.50,0.71,63,151,214
"Grainger County, Tennessee",Grainger,47057,23563,23833,24277,1.15,1.86,3.03,270,444,714
"Greene County, Tennessee",Greene,47059,70333,70603,71405,0.38,1.14,1.52,270,802,1072
"Grundy County, Tennessee",Grundy,47061,13539,13586,13783,0.35,1.45,1.80,47,197,244
"Hamblen County, Tennessee",Hamblen,47063,64537,64390,65168,-0.23,1.21,0.98,-147,778,631
"Hamilton County, Tennessee",Hamilton,47065,367242,369027,374682,0.49,1.53,2.03,1785,5655,7440
"Hancock County, Tennessee",Hancock,47067,6625,6777,6845,2.29,1.00,3.32,152,68,220
"Hardeman County, Tennessee",Hardeman,47069,25432,25276,25529,-0.61,1.00,0.38,-156,253,97
"Hardin County, Tennessee",Hardin,47071,26805,26878,27077,0.27,0.74,1.01,73,199,272
"Hawkins County, Tennessee",Hawkins,47073,56710,57257,58043,0.96,1.37,2.35,547,786,1333
"Haywood County, Tennessee",Haywood,47075,17824,17715,17550,-0.61,-0.93,-1.54,-109,-165,-274
"Henderson County, Tennessee",Henderson,47077,27827,27916,27929,0.32,0.05,0.37,89,13,102
"Henry County, Tennessee",Henry,47079,32144,32250,32379,0.33,0.40,0.73,106,129,235
"Hickman County, Tennessee",Hickman,47081,24969,25085,25455,0.46,1.47,1.95,116,370,486
"Houston County, Tennessee",Houston,47083,8303,8282,8219,-0.25,-0.76,-1.01,-21,-63,-84
"Humphreys County, Tennessee",Humphreys,47085,19001,19200,19106,1.05,-0.49,0.55,199,-94,105
"Jackson County, Tennessee",Jackson,47087,11634,11777,11989,1.23,1.80,3.05,143,212,355
"Jefferson County, Tennessee",Jefferson,47089,54908,55562,56727,1.19,2.10,3.31,654,1165,1819
"Johnson County, Tennessee",Johnson,47091,17990,18056,18086,0.37,0.17,0.53,66,30,96
"Knox County, Tennessee",Knox,47093,480500,486812,494574,1.31,1.59,2.93,6312,7762,14074
"Lake County, Tennessee",Lake,47095,6988,6597,6507,-5.60,-1.36,-6.88,-391,-90,-481
"Lauderdale County, Tennessee",Lauderdale,47097,25120,24922,24793,-0.79,-0.52,-1.30,-198,-129,-327
"Lawrence County, Tennessee",Lawrence,47099,44182,44729,45415,1.24,1.53,2.79,547,686,1233
"Lewis County, Tennessee",Lewis,47101,12602,12854,12957,2.00,0.80,2.82,252,103,355
"Lincoln County, Tennessee",Lincoln,47103,35335,35451,36004,0.33,1.56,1.89,116,553,669
"Loudon County, Tennessee",Loudon,47105,55127,56672,58181,2.80,2.66,5.54,1545,1509,3054
"McMinn County, Tennessee",McMinn,47107,53344,53907,54719,1.06,1.51,2.58,563,812,1375
"McNairy County, Tennessee",McNairy,47109,25858,25854,25988,-0.02,0.52,0.50,-4,134,130
"Macon County, Tennessee",Macon,47111,25263,25682,26229,1.66,2.13,3.82,419,547,966
"Madison County, Tennessee",Madison,47113,98833,98585,99245,-0.25,0.67,0.42,-248,660,412
"Marion County, Tennessee",Marion,47115,28865,28927,29094,0.21,0.58,0.79,62,167,229
"Marshall County, Tennessee",Marshall,47117,34466,35032,35878,1.64,2.41,4.10,566,846,1412
"Maury County, Tennessee",Maury,47119,101824,105003,108159,3.12,3.01,6.22,3179,3156,6335
"Meigs County, Tennessee",Meigs,47121,12807,13029,13272,1.73,1.87,3.63,222,243,465
"Monroe County, Tennessee",Monroe,47123,46395,46668,47740,0.59,2.30,2.90,273,1072,1345
"Montgomery County, Tennessee",Montgomery,47125,221265,227841,235201,2.97,3.23,6.30,6576,7360,13936
"Moore County, Tennessee",Moore,47127,6471,6652,6742,2.80,1.35,4.19,181,90,271
"Morgan County, Tennessee",Morgan,47129,21038,21101,21224,0.30,0.58,0.88,63,123,186
"Obion County, Tennessee",Obion,47131,30767,30498,30394,-0.87,-0.34,-1.21,-269,-104,-373
"Overton County, Tennessee",Overton,47133,22592,22856,23044,1.17,0.82,2.00,264,188,452
"Perry County, Tennessee",Perry,47135,8379,8473,8685,1.12,2.50,3.65,94,212,306
"Pickett County, Tennessee",Pickett,47137,5002,5082,5107,1.60,0.49,2.10,80,25,105
"Polk County, Tennessee",Polk,47139,17568,17784,17863,1.23,0.44,1.68,216,79,295
"Putnam County, Tennessee",Putnam,47141,80052,81255,82382,1.50,1.39,2.91,1203,1127,2330
"Rhea County, Tennessee",Rhea,47143,32934,33205,33730,0.82,1.58,2.42,271,525,796
"Roane County, Tennessee",Roane,47145,53510,54056,55082,1.02,1.90,2.94,546,1026,1572
"Robertson County, Tennessee",Robertson,47147,72945,74088,75470,1.57,1.87,3.46,1143,1382,2525
"Rutherford County, Tennessee",Rutherford,47149,343266,351202,360619,2.31,2.68,5.06,7936,9417,17353
"Scott County, Tennessee",Scott,47151,21878,21895,22035,0.08,0.64,0.72,17,140,157
"Sequatchie County, Tennessee",Sequatchie,47153,15850,16445,16909,3.75,2.82,6.68,595,464,1059
"Sevier County, Tennessee",Sevier,47155,98562,99435,98789,0.89,-0.65,0.23,873,-646,227
"Shelby County, Tennessee",Shelby,47157,929388,923352,916371,-0.65,-0.76,-1.40,-6036,-6981,-13017
"Smith County, Tennessee",Smith,47159,19970,20181,20489,1.06,1.53,2.60,211,308,519
"Stewart County, Tennessee",Stewart,47161,13711,13830,14035,0.87,1.48,2.36,119,205,324
"Sullivan County, Tennessee",Sullivan,47163,158237,159167,160820,0.59,1.04,1.63,930,1653,2583
"Sumner County, Tennessee",Sumner,47165,197396,200582,203858,1.61,1.63,3.27,3186,3276,6462
"Tipton County, Tennessee",Tipton,47167,61041,61049,61656,0.01,0.99,1.01,8,607,615
"Trousdale County, Tennessee",Trousdale,47169,11638,11619,12111,-0.16,4.23,4.06,-19,492,473
"Unicoi County, Tennessee",Unicoi,47171,17883,17667,17674,-1.21,0.04,-1.17,-216,7,-209
"Union County, Tennessee",Union,47173,19841,19996,20452,0.78,2.28,3.08,155,456,611
"Van Buren County, Tennessee",Van Buren,47175,6174,6277,6429,1.67,2.42,4.13,103,152,255
"Warren County, Tennessee",Warren,47177,41054,41529,42026,1.16,1.20,2.37,475,497,972
"Washington County, Tennessee",Washington,47179,133213,133525,136172,0.23,1.98,2.22,312,2647,2959
"Wayne County, Tennessee",Wayne,47181,16222,16336,16308,0.70,-0.17,0.53,114,-28,86
"Weakley County, Tennessee",Weakley,47183,32899,32870,33063,-0.09,0.59,0.50,-29,193,164
"White County, Tennessee",White,47185,27443,27557,28064,0.42,1.84,2.26,114,507,621
"Williamson County, Tennessee",Williamson,47187,249538,256209,260815,2.67,1.80,4.52,6671,4606,11277
"Wilson County, Tennessee",Wilson,47189,148645,152010,158555,2.26,4.31,6.67,3365,6545,9910
"Anderson County, Texas",Anderson,48001,57926,58233,58064,0.53,-0.29,0.24,307,-169,138
"Andrews County, Texas",Andrews,48003,18617,18411,18334,-1.11,-0.42,-1.52,-206,-77,-283
"Angelina County, Texas",Angelina,48005,86376,86654,87101,0.32,0.52,0.84,278,447,725
"Aransas County, Texas",Aransas,48007,23932,24519,24944,2.45,1.73,4.23,587,425,1012
"Archer County, Texas",Archer,48009,8554,8684,8835,1.52,1.74,3.29,130,151,281
"Armstrong County, Texas",Armstrong,48011,1849,1838,1850,-0.59,0.65,0.05,-11,12,1
"Atascosa County, Texas",Atascosa,48013,49134,49886,50864,1.53,1.96,3.52,752,978,1730
"Austin County, Texas",Austin,48015,30131,30421,31097,0.96,2.22,3.21,290,676,966
"Bailey County, Texas",Bailey,48017,6868,6803,6779,-0.95,-0.35,-1.30,-65,-24,-89
"Bandera County, Texas",Bandera,48019,20992,21551,22115,2.66,2.62,5.35,559,564,1123
"Bastrop County, Texas",Bastrop,48021,98046,102166,106188,4.20,3.94,8.30,4120,4022,8142
"Baylor County, Texas",Baylor,48023,3461,3456,3466,-0.14,0.29,0.14,-5,10,5
"Bee County, Texas",Bee,48025,31049,30828,30394,-0.71,-1.41,-2.11,-221,-434,-655
"Bell County, Texas",Bell,48027,372229,380241,388386,2.15,2.14,4.34,8012,8145,16157
"Bexar County, Texas",Bexar,48029,2015369,2030895,2059530,0.77,1.41,2.19,15526,28635,44161
"Blanco County, Texas",Blanco,48031,11450,11890,12418,3.84,4.44,8.45,440,528,968
"Borden County, Texas",Borden,48033,641,621,585,-3.12,-5.80,-8.74,-20,-36,-56
"Bosque County, Texas",Bosque,48035,18245,18495,18697,1.37,1.09,2.48,250,202,452
"Bowie County, Texas",Bowie,48037,92924,92291,92035,-0.68,-0.28,-0.96,-633,-256,-889
"Brazoria County, Texas",Brazoria,48039,373481,378858,388181,1.44,2.46,3.94,5377,9323,14700
"Brazos County, Texas",Brazos,48041,234486,237583,242014,1.32,1.87,3.21,3097,4431,7528
"Brewster County, Texas",Brewster,48043,9553,9459,9343,-0.98,-1.23,-2.20,-94,-116,-210
"Briscoe County, Texas",Briscoe,48045,1419,1400,1431,-1.34,2.21,0.85,-19,31,12
"Brooks County, Texas",Brooks,48047,7057,6994,6906,-0.89,-1.26,-2.14,-63,-88,-151
"Brown County, Texas",Brown,48049,38048,38142,38373,0.25,0.61,0.85,94,231,325
"Burleson County, Texas",Burleson,48051,17680,18110,18657,2.43,3.02,5.53,430,547,977
"Burnet County, Texas",Burnet,48053,49473,51080,52502,3.25,2.78,6.12,1607,1422,3029
"Caldwell County, Texas",Caldwell,48055,45949,46904,47848,2.08,2.01,4.13,955,944,1899
"Calhoun County, Texas",Calhoun,48057,20063,19798,19706,-1.32,-0.46,-1.78,-265,-92,-357
"Callahan County, Texas",Callahan,48059,13744,14078,14210,2.43,0.94,3.39,334,132,466
"Cameron County, Texas",Cameron,48061,421445,423124,425208,0.40,0.49,0.89,1679,2084,3763
"Camp County, Texas",Camp,48063,12427,12594,12716,1.34,0.97,2.33,167,122,289
"Carson County, Texas",Carson,48065,5791,5708,5784,-1.43,1.33,-0.12,-83,76,-7
"Cass County, Texas",Cass,48067,28436,28557,28539,0.43,-0.06,0.36,121,-18,103
"Castro County, Texas",Castro,48069,7336,7362,7298,0.35,-0.87,-0.52,26,-64,-38
"Chambers County, Texas",Chambers,48071,47025,48721,51288,3.61,5.27,9.07,1696,2567,4263
"Cherokee County, Texas",Cherokee,48073,50488,51163,51645,1.34,0.94,2.29,675,482,1157
"Childress County, Texas",Childress,48075,6662,6781,6809,1.79,0.41,2.21,119,28,147
"Clay County, Texas",Clay,48077,10250,10315,10486,0.63,1.66,2.30,65,171,236
"Cochran County, Texas",Cochran,48079,2557,2491,2526,-2.58,1.41,-1.21,-66,35,-31
"Coke County, Texas",Coke,48081,3295,3313,3333,0.55,0.60,1.15,18,20,38
"Coleman County, Texas",Coleman,48083,7686,7736,7850,0.65,1.47,2.13,50,114,164
"Collin County, Texas",Collin,48085,1075654,1114450,1158696,3.61,3.97,7.72,38796,44246,83042
"Collingsworth County, Texas",Collingsworth,48087,2638,2603,2568,-1.33,-1.34,-2.65,-35,-35,-70
"Colorado County, Texas",Colorado,48089,20558,20592,20754,0.17,0.79,0.95,34,162,196
"Comal County, Texas",Comal,48091,163640,174891,184642,6.88,5.58,12.83,11251,9751,21002
"Comanche County, Texas",Comanche,48093,13628,13804,13878,1.29,0.54,1.83,176,74,250
"Concho County, Texas",Concho,48095,3303,3336,3340,1.00,0.12,1.12,33,4,37
"Cooke County, Texas",Cooke,48097,41744,42408,43050,1.59,1.51,3.13,664,642,1306
"Coryell County, Texas",Coryell,48099,83146,84406,85057,1.52,0.77,2.30,1260,651,1911
"Cottle County, Texas",Cottle,48101,1364,1357,1307,-0.51,-3.68,-4.18,-7,-50,-57
"Crane County, Texas",Crane,48103,4673,4639,4546,-0.73,-2.00,-2.72,-34,-93,-127
"Crockett County, Texas",Crockett,48105,3094,3015,2943,-2.55,-2.39,-4.88,-79,-72,-151
"Crosby County, Texas",Crosby,48107,5093,5085,4998,-0.16,-1.71,-1.87,-8,-87,-95
"Culberson County, Texas",Culberson,48109,2185,2182,2155,-0.14,-1.24,-1.37,-3,-27,-30
"Dallam County, Texas",Dallam,48111,7126,7188,7241,0.87,0.74,1.61,62,53,115
"Dallas County, Texas",Dallas,48113,2609966,2587954,2600840,-0.84,0.50,-0.35,-22012,12886,-9126
"Dawson County, Texas",Dawson,48115,12473,12412,12130,-0.49,-2.27,-2.75,-61,-282,-343
"Deaf Smith County, Texas",Deaf Smith,48117,18526,18345,18377,-0.98,0.17,-0.80,-181,32,-149
"Delta County, Texas",Delta,48119,5222,5337,5406,2.20,1.29,3.52,115,69,184
"Denton County, Texas",Denton,48121,914324,943857,977281,3.23,3.54,6.89,29533,33424,62957
"DeWitt County, Texas",DeWitt,48123,19835,19949,19772,0.57,-0.89,-0.32,114,-177,-63
"Dickens County, Texas",Dickens,48125,1758,1734,1726,-1.37,-0.46,-1.82,-24,-8,-32
"Dimmit County, Texas",Dimmit,48127,8577,8479,8387,-1.14,-1.09,-2.22,-98,-92,-190
"Donley County, Texas",Donley,48129,3279,3364,3339,2.59,-0.74,1.83,85,-25,60
"Duval County, Texas",Duval,48131,9807,10003,9888,2.00,-1.15,0.83,196,-115,81
"Eastland County, Texas",Eastland,48133,17775,17834,17944,0.33,0.62,0.95,59,110,169
"Ector County, Texas",Ector,48135,165485,160764,160869,-2.85,0.07,-2.79,-4721,105,-4616
"Edwards County, Texas",Edwards,48137,1424,1431,1422,0.49,-0.63,-0.14,7,-9,-2
"Ellis County, Texas",Ellis,48139,194295,203107,212182,4.54,4.47,9.21,8812,9075,17887
"El Paso County, Texas",El Paso,48141,866547,868086,868763,0.18,0.08,0.26,1539,677,2216
"Erath County, Texas",Erath,48143,42716,43389,43895,1.58,1.17,2.76,673,506,1179
"Falls County, Texas",Falls,48145,16954,17099,17049,0.86,-0.29,0.56,145,-50,95
"Fannin County, Texas",Fannin,48147,35798,36716,37125,2.56,1.11,3.71,918,409,1327
"Fayette County, Texas",Fayette,48149,24471,24669,24913,0.81,0.99,1.81,198,244,442
"Fisher County, Texas",Fisher,48151,3676,3678,3622,0.05,-1.52,-1.47,2,-56,-54
"Floyd County, Texas",Floyd,48153,5368,5299,5235,-1.29,-1.21,-2.48,-69,-64,-133
"Foard County, Texas",Foard,48155,1085,1052,1057,-3.04,0.48,-2.58,-33,5,-28
"Fort Bend County, Texas",Fort Bend,48157,829036,860124,889146,3.75,3.37,7.25,31088,29022,60110
"Franklin County, Texas",Franklin,48159,10371,10472,10618,0.97,1.39,2.38,101,146,247
"Freestone County, Texas",Freestone,48161,19445,19784,19950,1.74,0.84,2.60,339,166,505
"Frio County, Texas",Frio,48163,18409,17548,17815,-4.68,1.52,-3.23,-861,267,-594
"Gaines County, Texas",Gaines,48165,21699,21881,22181,0.84,1.37,2.22,182,300,482
"Galveston County, Texas",Galveston,48167,351559,355309,357117,1.07,0.51,1.58,3750,1808,5558
"Garza County, Texas",Garza,48169,5817,6269,6262,7.77,-0.11,7.65,452,-7,445
"Gillespie County, Texas",Gillespie,48171,26742,27282,27477,2.02,0.71,2.75,540,195,735
"Glasscock County, Texas",Glasscock,48173,1117,1142,1164,2.24,1.93,4.21,25,22,47
"Goliad County, Texas",Goliad,48175,7021,7146,7131,1.78,-0.21,1.57,125,-15,110
"Gonzales County, Texas",Gonzales,48177,19679,19655,19832,-0.12,0.90,0.78,-24,177,153
"Gray County, Texas",Gray,48179,21198,21085,21015,-0.53,-0.33,-0.86,-113,-70,-183
"Grayson County, Texas",Grayson,48181,136100,139561,143131,2.54,2.56,5.17,3461,3570,7031
"Gregg County, Texas",Gregg,48183,124241,124052,125443,-0.15,1.12,0.97,-189,1391,1202
"Grimes County, Texas",Grimes,48185,29430,30106,30754,2.30,2.15,4.50,676,648,1324
"Guadalupe County, Texas",Guadalupe,48187,173686,177254,182760,2.05,3.11,5.22,3568,5506,9074
"Hale County, Texas",Hale,48189,32465,32234,31827,-0.71,-1.26,-1.97,-231,-407,-638
"Hall County, Texas",Hall,48191,2797,2845,2810,1.72,-1.23,0.46,48,-35,13
"Hamilton County, Texas",Hamilton,48193,8247,8238,8298,-0.11,0.73,0.62,-9,60,51
"Hansford County, Texas",Hansford,48195,5260,5138,5151,-2.32,0.25,-2.07,-122,13,-109
"Hardeman County, Texas",Hardeman,48197,3559,3544,3516,-0.42,-0.79,-1.21,-15,-28,-43
"Hardin County, Texas",Hardin,48199,56344,57044,57811,1.24,1.34,2.60,700,767,1467
"Harris County, Texas",Harris,48201,4734505,4735287,4780913,0.02,0.96,0.98,782,45626,46408
"Harrison County, Texas",Harrison,48203,68798,69454,69955,0.95,0.72,1.68,656,501,1157
"Hartley County, Texas",Hartley,48205,5349,5389,5208,0.75,-3.36,-2.64,40,-181,-141
"Haskell County, Texas",Haskell,48207,5432,5392,5403,-0.74,0.20,-0.53,-40,11,-29
"Hays County, Texas",Hays,48209,243967,256065,269225,4.96,5.14,10.35,12098,13160,25258
"Hemphill County, Texas",Hemphill,48211,3363,3315,3217,-1.43,-2.96,-4.34,-48,-98,-146
"Henderson County, Texas",Henderson,48213,82394,83590,84511,1.45,1.10,2.57,1196,921,2117
"Hidalgo County, Texas",Hidalgo,48215,872806,880633,888367,0.90,0.88,1.78,7827,7734,15561
"Hill County, Texas",Hill,48217,35962,36430,37329,1.30,2.47,3.80,468,899,1367
"Hockley County, Texas",Hockley,48219,21503,21256,21161,-1.15,-0.45,-1.59,-247,-95,-342
"Hood County, Texas",Hood,48221,62054,64263,66373,3.56,3.28,6.96,2209,2110,4319
"Hopkins County, Texas",Hopkins,48223,36824,37237,37804,1.12,1.52,2.66,413,567,980
"Houston County, Texas",Houston,48225,22055,21958,21950,-0.44,-0.04,-0.48,-97,-8,-105
"Howard County, Texas",Howard,48227,34812,34336,33672,-1.37,-1.93,-3.27,-476,-664,-1140
"Hudspeth County, Texas",Hudspeth,48229,3203,3289,3432,2.68,4.35,7.15,86,143,229
"Hunt County, Texas",Hunt,48231,100257,103458,108282,3.19,4.66,8.00,3201,4824,8025
"Hutchinson County, Texas",Hutchinson,48233,20568,20411,20215,-0.76,-0.96,-1.72,-157,-196,-353
"Irion County, Texas",Irion,48235,1511,1531,1530,1.32,-0.07,1.26,20,-1,19
"Jack County, Texas",Jack,48237,8486,8718,8922,2.73,2.34,5.14,232,204,436
"Jackson County, Texas",Jackson,48239,14992,15097,15142,0.70,0.30,1.00,105,45,150
"Jasper County, Texas",Jasper,48241,32921,32570,32484,-1.07,-0.26,-1.33,-351,-86,-437
"Jeff Davis County, Texas",Jeff Davis,48243,1986,1959,1903,-1.36,-2.86,-4.18,-27,-56,-83
"Jefferson County, Texas",Jefferson,48245,256118,253531,250830,-1.01,-1.07,-2.06,-2587,-2701,-5288
"Jim Hogg County, Texas",Jim Hogg,48247,4846,4797,4763,-1.01,-0.71,-1.71,-49,-34,-83
"Jim Wells County, Texas",Jim Wells,48249,38877,38923,38826,0.12,-0.25,-0.13,46,-97,-51
"Johnson County, Texas",Johnson,48251,180945,187442,195506,3.59,4.30,8.05,6497,8064,14561
"Jones County, Texas",Jones,48253,19678,19809,19935,0.67,0.64,1.31,131,126,257
"Karnes County, Texas",Karnes,48255,14763,14714,14836,-0.33,0.83,0.49,-49,122,73
"Kaufman County, Texas",Kaufman,48257,147126,158216,172366,7.54,8.94,17.16,11090,14150,25240
"Kendall County, Texas",Kendall,48259,44547,46851,48973,5.17,4.53,9.94,2304,2122,4426
"Kenedy County, Texas",Kenedy,48261,351,342,358,-2.56,4.68,1.99,-9,16,7
"Kent County, Texas",Kent,48263,761,746,740,-1.97,-0.80,-2.76,-15,-6,-21
"Kerr County, Texas",Kerr,48265,52691,53136,53741,0.84,1.14,1.99,445,605,1050
"Kimble County, Texas",Kimble,48267,4291,4350,4422,1.37,1.66,3.05,59,72,131
"King County, Texas",King,48269,266,256,233,-3.76,-8.98,-12.41,-10,-23,-33
"Kinney County, Texas",Kinney,48271,3124,3117,3128,-0.22,0.35,0.13,-7,11,4
"Kleberg County, Texas",Kleberg,48273,30977,30642,30362,-1.08,-0.91,-1.99,-335,-280,-615
"Knox County, Texas",Knox,48275,3346,3307,3273,-1.17,-1.03,-2.18,-39,-34,-73
"Lamar County, Texas",Lamar,48277,50126,50305,50484,0.36,0.36,0.71,179,179,358
"Lamb County, Texas",Lamb,48279,13005,12886,12724,-0.92,-1.26,-2.16,-119,-162,-281
"Lampasas County, Texas",Lampasas,48281,21707,22213,22785,2.33,2.58,4.97,506,572,1078
"La Salle County, Texas",La Salle,48283,6664,6716,6604,0.78,-1.67,-0.90,52,-112,-60
"Lavaca County, Texas",Lavaca,48285,20348,20490,20589,0.70,0.48,1.18,142,99,241
"Lee County, Texas",Lee,48287,17502,17671,17954,0.97,1.60,2.58,169,283,452
"Leon County, Texas",Leon,48289,15731,15985,16209,1.61,1.40,3.04,254,224,478
"Liberty County, Texas",Liberty,48291,92465,97382,101992,5.32,4.73,10.30,4917,4610,9527
"Limestone County, Texas",Limestone,48293,22139,22125,22253,-0.06,0.58,0.51,-14,128,114
"Lipscomb County, Texas",Lipscomb,48295,3036,2907,2854,-4.25,-1.82,-5.99,-129,-53,-182
"Live Oak County, Texas",Live Oak,48297,11349,11383,11428,0.30,0.40,0.70,34,45,79
"Llano County, Texas",Llano,48299,21285,22013,22540,3.42,2.39,5.90,728,527,1255
"Loving County, Texas",Loving,48301,65,57,51,-12.31,-10.53,-21.54,-8,-6,-14
"Lubbock County, Texas",Lubbock,48303,311564,314597,317561,0.97,0.94,1.92,3033,2964,5997
"Lynn County, Texas",Lynn,48305,5610,5652,5724,0.75,1.27,2.03,42,72,114
"McCulloch County, Texas",McCulloch,48307,7591,7532,7497,-0.78,-0.46,-1.24,-59,-35,-94
"McLennan County, Texas",McLennan,48309,261177,263714,266836,0.97,1.18,2.17,2537,3122,5659
"McMullen County, Texas",McMullen,48311,598,597,576,-0.17,-3.52,-3.68,-1,-21,-22
"Madison County, Texas",Madison,48313,13464,13498,13661,0.25,1.21,1.46,34,163,197
"Marion County, Texas",Marion,48315,9751,9618,9560,-1.36,-0.60,-1.96,-133,-58,-191
"Martin County, Texas",Martin,48317,5252,5208,5217,-0.84,0.17,-0.67,-44,9,-35
"Mason County, Texas",Mason,48319,3968,3929,3982,-0.98,1.35,0.35,-39,53,14
"Matagorda County, Texas",Matagorda,48321,36280,36366,36125,0.24,-0.66,-0.43,86,-241,-155
"Maverick County, Texas",Maverick,48323,57873,57841,57843,-0.06,0.00,-0.05,-32,2,-30
"Medina County, Texas",Medina,48325,50939,52322,53723,2.72,2.68,5.47,1383,1401,2784
"Menard County, Texas",Menard,48327,1961,1964,1968,0.15,0.20,0.36,3,4,7
"Midland County, Texas",Midland,48329,170348,168206,171999,-1.26,2.25,0.97,-2142,3793,1651
"Milam County, Texas",Milam,48331,24775,25189,25628,1.67,1.74,3.44,414,439,853
"Mills County, Texas",Mills,48333,4447,4497,4500,1.12,0.07,1.19,50,3,53
"Mitchell County, Texas",Mitchell,48335,9014,9050,8943,0.40,-1.18,-0.79,36,-107,-71
"Montague County, Texas",Montague,48337,19994,20430,21063,2.18,3.10,5.35,436,633,1069
"Montgomery County, Texas",Montgomery,48339,625243,650261,678490,4.00,4.34,8.52,25018,28229,53247
"Moore County, Texas",Moore,48341,21264,21122,20996,-0.67,-0.60,-1.26,-142,-126,-268
"Morris County, Texas",Morris,48343,11972,12009,12083,0.31,0.62,0.93,37,74,111
"Motley County, Texas",Motley,48345,1063,1065,1032,0.19,-3.10,-2.92,2,-33,-31
"Nacogdoches County, Texas",Nacogdoches,48347,64619,64699,64862,0.12,0.25,0.38,80,163,243
"Navarro County, Texas",Navarro,48349,52828,53616,54636,1.49,1.90,3.42,788,1020,1808
"Newton County, Texas",Newton,48351,12157,12202,12052,0.37,-1.23,-0.86,45,-150,-105
"Nolan County, Texas",Nolan,48353,14723,14600,14473,-0.84,-0.87,-1.70,-123,-127,-250
"Nueces County, Texas",Nueces,48355,353376,353230,351674,-0.04,-0.44,-0.48,-146,-1556,-1702
"Ochiltree County, Texas",Ochiltree,48357,9954,9763,9606,-1.92,-1.61,-3.50,-191,-157,-348
"Oldham County, Texas",Oldham,48359,1764,1730,1752,-1.93,1.27,-0.68,-34,22,-12
"Orange County, Texas",Orange,48361,84747,84641,84934,-0.13,0.35,0.22,-106,293,187
"Palo Pinto County, Texas",Palo Pinto,48363,28445,28676,29239,0.81,1.96,2.79,231,563,794
"Panola County, Texas",Panola,48365,22492,22538,22677,0.20,0.62,0.82,46,139,185
"Parker County, Texas",Parker,48367,149547,156966,165834,4.96,5.65,10.89,7419,8868,16287
"Parmer County, Texas",Parmer,48369,9854,9779,9620,-0.76,-1.63,-2.37,-75,-159,-234
"Pecos County, Texas",Pecos,48371,15185,15126,14735,-0.39,-2.58,-2.96,-59,-391,-450
"Polk County, Texas",Polk,48373,50494,51816,53255,2.62,2.78,5.47,1322,1439,2761
"Potter County, Texas",Potter,48375,118272,116538,115645,-1.47,-0.77,-2.22,-1734,-893,-2627
"Presidio County, Texas",Presidio,48377,6109,6115,5939,0.10,-2.88,-2.78,6,-176,-170
"Rains County, Texas",Rains,48379,12178,12449,12823,2.23,3.00,5.30,271,374,645
"Randall County, Texas",Randall,48381,141342,144039,146140,1.91,1.46,3.39,2697,2101,4798
"Reagan County, Texas",Reagan,48383,3378,3228,3135,-4.44,-2.88,-7.19,-150,-93,-243
"Real County, Texas",Real,48385,2743,2806,2840,2.30,1.21,3.54,63,34,97
"Red River County, Texas",Red River,48387,11560,11547,11542,-0.11,-0.04,-0.16,-13,-5,-18
"Reeves County, Texas",Reeves,48389,14763,13002,12905,-11.93,-0.75,-12.59,-1761,-97,-1858
"Refugio County, Texas",Refugio,48391,6742,6700,6632,-0.62,-1.01,-1.63,-42,-68,-110
"Roberts County, Texas",Roberts,48393,822,798,803,-2.92,0.63,-2.31,-24,5,-19
"Robertson County, Texas",Robertson,48395,16771,16948,17153,1.06,1.21,2.28,177,205,382
"Rockwall County, Texas",Rockwall,48397,109136,116549,123208,6.79,5.71,12.89,7413,6659,14072
"Runnels County, Texas",Runnels,48399,9919,9886,9859,-0.33,-0.27,-0.60,-33,-27,-60
"Rusk County, Texas",Rusk,48401,52257,53071,53333,1.56,0.49,2.06,814,262,1076
"Sabine County, Texas",Sabine,48403,9888,9989,10048,1.02,0.59,1.62,101,59,160
"San Augustine County, Texas",San Augustine,48405,7923,7900,7857,-0.29,-0.54,-0.83,-23,-43,-66
"San Jacinto County, Texas",San Jacinto,48407,27531,27829,28348,1.08,1.86,2.97,298,519,817
"San Patricio County, Texas",San Patricio,48409,68838,69701,69954,1.25,0.36,1.62,863,253,1116
"San Saba County, Texas",San Saba,48411,5722,5824,5824,1.78,0.00,1.78,102,0,102
"Schleicher County, Texas",Schleicher,48413,2445,2443,2357,-0.08,-3.52,-3.60,-2,-86,-88
"Scurry County, Texas",Scurry,48415,16937,16830,16686,-0.63,-0.86,-1.48,-107,-144,-251
"Shackelford County, Texas",Shackelford,48417,3105,3177,3186,2.32,0.28,2.61,72,9,81
"Shelby County, Texas",Shelby,48419,23927,23962,24008,0.15,0.19,0.34,35,46,81
"Sherman County, Texas",Sherman,48421,2787,2791,2799,0.14,0.29,0.43,4,8,12
"Smith County, Texas",Smith,48423,234195,237114,241922,1.25,2.03,3.30,2919,4808,7727
"Somervell County, Texas",Somervell,48425,9204,9472,9757,2.91,3.01,6.01,268,285,553
"Starr County, Texas",Starr,48427,65861,65972,65728,0.17,-0.37,-0.20,111,-244,-133
"Stephens County, Texas",Stephens,48429,9098,9434,9390,3.69,-0.47,3.21,336,-44,292
"Sterling County, Texas",Sterling,48431,1381,1382,1417,0.07,2.53,2.61,1,35,36
"Stonewall County, Texas",Stonewall,48433,1245,1208,1182,-2.97,-2.15,-5.06,-37,-26,-63
"Sutton County, Texas",Sutton,48435,3355,3284,3217,-2.12,-2.04,-4.11,-71,-67,-138
"Swisher County, Texas",Swisher,48437,6946,6996,6881,0.72,-1.64,-0.94,50,-115,-65
"Tarrant County, Texas",Tarrant,48439,2115682,2129402,2154595,0.65,1.18,1.84,13720,25193,38913
"Taylor County, Texas",Taylor,48441,143444,143942,145163,0.35,0.85,1.20,498,1221,1719
"Terrell County, Texas",Terrell,48443,750,720,693,-4.00,-3.75,-7.60,-30,-27,-57
"Terry County, Texas",Terry,48445,11794,11721,11567,-0.62,-1.31,-1.92,-73,-154,-227
"Throckmorton County, Texas",Throckmorton,48447,1453,1508,1550,3.79,2.79,6.68,55,42,97
"Titus County, Texas",Titus,48449,31292,31266,31208,-0.08,-0.19,-0.27,-26,-58,-84
"Tom Green County, Texas",Tom Green,48451,120194,119250,118892,-0.79,-0.30,-1.08,-944,-358,-1302
"Travis County, Texas",Travis,48453,1296515,1308544,1326436,0.93,1.37,2.31,12029,17892,29921
"Trinity County, Texas",Trinity,48455,13632,13809,13996,1.30,1.35,2.67,177,187,364
"Tyler County, Texas",Tyler,48457,19811,19892,20030,0.41,0.69,1.11,81,138,219
"Upshur County, Texas",Upshur,48459,41038,41811,42488,1.88,1.62,3.53,773,677,1450
"Upton County, Texas",Upton,48461,3301,3241,3152,-1.82,-2.75,-4.51,-60,-89,-149
"Uvalde County, Texas",Uvalde,48463,24559,24810,24940,1.02,0.52,1.55,251,130,381
"Val Verde County, Texas",Val Verde,48465,47605,47589,47606,-0.03,0.04,0.00,-16,17,1
"Van Zandt County, Texas",Van Zandt,48467,59749,61200,62859,2.43,2.71,5.21,1451,1659,3110
"Victoria County, Texas",Victoria,48469,91303,90897,91065,-0.44,0.18,-0.26,-406,168,-238
"Walker County, Texas",Walker,48471,76544,78322,78870,2.32,0.70,3.04,1778,548,2326
"Waller County, Texas",Waller,48473,57304,59474,61894,3.79,4.07,8.01,2170,2420,4590
"Ward County, Texas",Ward,48475,11680,11111,10964,-4.87,-1.32,-6.13,-569,-147,-716
"Washington County, Texas",Washington,48477,35805,35898,36159,0.26,0.73,0.99,93,261,354
"Webb County, Texas",Webb,48479,267345,267633,267780,0.11,0.05,0.16,288,147,435
"Wharton County, Texas",Wharton,48481,41564,41697,41824,0.32,0.30,0.63,133,127,260
"Wheeler County, Texas",Wheeler,48483,4976,4905,4807,-1.43,-2.00,-3.40,-71,-98,-169
"Wichita County, Texas",Wichita,48485,129617,130006,129978,0.30,-0.02,0.28,389,-28,361
"Wilbarger County, Texas",Wilbarger,48487,12844,12688,12491,-1.21,-1.55,-2.75,-156,-197,-353
"Willacy County, Texas",Willacy,48489,20150,20290,20143,0.69,-0.72,-0.03,140,-147,-7
"Williamson County, Texas",Williamson,48491,615517,644451,671418,4.70,4.18,9.08,28934,26967,55901
"Wilson County, Texas",Wilson,48493,50051,51281,52735,2.46,2.84,5.36,1230,1454,2684
"Winkler County, Texas",Winkler,48495,7750,7373,7306,-4.86,-0.91,-5.73,-377,-67,-444
"Wise County, Texas",Wise,48497,68943,71888,74895,4.27,4.18,8.63,2945,3007,5952
"Wood County, Texas",Wood,48499,45041,46031,46857,2.20,1.79,4.03,990,826,1816
"Yoakum County, Texas",Yoakum,48501,7675,7559,7451,-1.51,-1.43,-2.92,-116,-108,-224
"Young County, Texas",Young,48503,17847,17911,17962,0.36,0.28,0.64,64,51,115
"Zapata County, Texas",Zapata,48505,13874,13893,13849,0.14,-0.32,-0.18,19,-44,-25
"Zavala County, Texas",Zavala,48507,9662,9487,9377,-1.81,-1.16,-2.95,-175,-110,-285
"Beaver County, Utah",Beaver,49001,7087,7203,7327,1.64,1.72,3.39,116,124,240
"Box Elder County, Utah",Box Elder,49003,57946,59693,61498,3.01,3.02,6.13,1747,1805,3552
"Cache County, Utah",Cache,49005,133624,137429,140173,2.85,2.00,4.90,3805,2744,6549
"Carbon County, Utah",Carbon,49007,20488,20361,20571,-0.62,1.03,0.41,-127,210,83
"Daggett County, Utah",Daggett,49009,952,977,1014,2.63,3.79,6.51,25,37,62
"Davis County, Utah",Davis,49011,363745,367446,369948,1.02,0.68,1.71,3701,2502,6203
"Duchesne County, Utah",Duchesne,49013,19617,19806,20161,0.96,1.79,2.77,189,355,544
"Emery County, Utah",Emery,49015,9842,9963,10099,1.23,1.37,2.61,121,136,257
"Garfield County, Utah",Garfield,49017,5107,5149,5281,0.82,2.56,3.41,42,132,174
"Grand County, Utah",Grand,49019,9677,9665,9769,-0.12,1.08,0.95,-12,104,92
"Iron County, Utah",Iron,49021,57708,60522,62429,4.88,3.15,8.18,2814,1907,4721
"Juab County, Utah",Juab,49023,11818,12192,12567,3.16,3.08,6.34,374,375,749
"Kane County, Utah",Kane,49025,7688,7999,8227,4.05,2.85,7.01,311,228,539
"Millard County, Utah",Millard,49027,13049,13175,13330,0.97,1.18,2.15,126,155,281
"Morgan County, Utah",Morgan,49029,12381,12667,12832,2.31,1.30,3.64,286,165,451
"Piute County, Utah",Piute,49031,1433,1482,1487,3.42,0.34,3.77,49,5,54
"Rich County, Utah",Rich,49033,2500,2581,2628,3.24,1.82,5.12,81,47,128
"Salt Lake County, Utah",Salt Lake,49035,1186921,1186440,1186257,-0.04,-0.02,-0.06,-481,-183,-664
"San Juan County, Utah",San Juan,49037,14517,14476,14359,-0.28,-0.81,-1.09,-41,-117,-158
"Sanpete County, Utah",Sanpete,49039,28521,29138,29724,2.16,2.01,4.22,617,586,1203
"Sevier County, Utah",Sevier,49041,21561,21918,22069,1.66,0.69,2.36,357,151,508
"Summit County, Utah",Summit,49043,42482,43168,43036,1.61,-0.31,1.30,686,-132,554
"Tooele County, Utah",Tooele,49045,73338,76734,79934,4.63,4.17,8.99,3396,3200,6596
"Uintah County, Utah",Uintah,49047,35671,36232,37141,1.57,2.51,4.12,561,909,1470
"Utah County, Utah",Utah,49049,663559,685806,702434,3.35,2.42,5.86,22247,16628,38875
"Wasatch County, Utah",Wasatch,49051,35063,36260,36619,3.41,0.99,4.44,1197,359,1556
"Washington County, Utah",Washington,49053,182009,191476,197680,5.20,3.24,8.61,9467,6204,15671
"Wayne County, Utah",Wayne,49055,2508,2567,2645,2.35,3.04,5.46,59,78,137
"Weber County, Utah",Weber,49057,262973,266588,269561,1.37,1.12,2.51,3615,2973,6588
"Addison County, Vermont",Addison,50001,37343,37444,37578,0.27,0.36,0.63,101,134,235
"Bennington County, Vermont",Bennington,50003,37300,37424,37392,0.33,-0.09,0.25,124,-32,92
"Caledonia County, Vermont",Caledonia,50005,30183,30423,30579,0.80,0.51,1.31,240,156,396
"Chittenden County, Vermont",Chittenden,50007,168386,169271,169301,0.53,0.02,0.54,885,30,915
"Essex County, Vermont",Essex,50009,5918,5965,5994,0.79,0.49,1.28,47,29,76
"Franklin County, Vermont",Franklin,50011,50040,50433,50731,0.79,0.59,1.38,393,298,691
"Grand Isle County, Vermont",Grand Isle,50013,7276,7418,7489,1.95,0.96,2.93,142,71,213
"Lamoille County, Vermont",Lamoille,50015,25917,26147,26090,0.89,-0.22,0.67,230,-57,173
"Orange County, Vermont",Orange,50017,29299,29625,29846,1.11,0.75,1.87,326,221,547
"Orleans County, Vermont",Orleans,50019,27404,27601,27666,0.72,0.24,0.96,197,65,262
"Rutland County, Vermont",Rutland,50021,60477,60720,60366,0.40,-0.58,-0.18,243,-354,-111
"Washington County, Vermont",Washington,50023,59756,60023,60048,0.45,0.04,0.49,267,25,292
"Windham County, Vermont",Windham,50025,45850,46128,45842,0.61,-0.62,-0.02,278,-286,-8
"Windsor County, Vermont",Windsor,50027,57744,58350,58142,1.05,-0.36,0.69,606,-208,398
"Accomack County, Virginia",Accomack,51001,33388,33364,33191,-0.07,-0.52,-0.59,-24,-173,-197
"Albemarle County, Virginia",Albemarle,51003,112502,113742,114534,1.10,0.70,1.81,1240,792,2032
"Alleghany County, Virginia",Alleghany,51005,15186,15024,14835,-1.07,-1.26,-2.31,-162,-189,-351
"Amelia County, Virginia",Amelia,51007,13268,13337,13455,0.52,0.88,1.41,69,118,187
"Amherst County, Virginia",Amherst,51009,31309,31391,31589,0.26,0.63,0.89,82,198,280
"Appomattox County, Virginia",Appomattox,51011,16154,16398,16748,1.51,2.13,3.68,244,350,594
"Arlington County, Virginia",Arlington,51013,238799,233574,234000,-2.19,0.18,-2.01,-5225,426,-4799
"Augusta County, Virginia",Augusta,51015,77567,77778,78064,0.27,0.37,0.64,211,286,497
"Bath County, Virginia",Bath,51017,4186,4087,4049,-2.37,-0.93,-3.27,-99,-38,-137
"Bedford County, Virginia",Bedford,51019,79553,80287,80848,0.92,0.70,1.63,734,561,1295
"Bland County, Virginia",Bland,51021,6257,6179,6148,-1.25,-0.50,-1.74,-78,-31,-109
"Botetourt County, Virginia",Botetourt,51023,33637,33977,34135,1.01,0.47,1.48,340,158,498
"Brunswick County, Virginia",Brunswick,51025,15824,15979,15921,0.98,-0.36,0.61,155,-58,97
"Buchanan County, Virginia",Buchanan,51027,20249,19861,19352,-1.92,-2.56,-4.43,-388,-509,-897
"Buckingham County, Virginia",Buckingham,51029,16826,16940,16982,0.68,0.25,0.93,114,42,156
"Campbell County, Virginia",Campbell,51031,55625,55375,55141,-0.45,-0.42,-0.87,-250,-234,-484
"Caroline County, Virginia",Caroline,51033,30924,31402,31957,1.55,1.77,3.34,478,555,1033
"Carroll County, Virginia",Carroll,51035,29142,29071,29147,-0.24,0.26,0.02,-71,76,5
"Charles City County, Virginia",Charles City,51036,6744,6631,6605,-1.68,-0.39,-2.06,-113,-26,-139
"Charlotte County, Virginia",Charlotte,51037,11541,11522,11475,-0.16,-0.41,-0.57,-19,-47,-66
"Chesterfield County, Virginia",Chesterfield,51041,365776,371276,378408,1.50,1.92,3.45,5500,7132,12632
"Clarke County, Virginia",Clarke,51043,14813,14916,15266,0.70,2.35,3.06,103,350,453
"Craig County, Virginia",Craig,51045,4878,4876,4847,-0.04,-0.59,-0.64,-2,-29,-31
"Culpeper County, Virginia",Culpeper,51047,52766,53785,54381,1.93,1.11,3.06,1019,596,1615
"Cumberland County, Virginia",Cumberland,51049,9666,9696,9746,0.31,0.52,0.83,30,50,80
"Dickenson County, Virginia",Dickenson,51051,14074,13852,13725,-1.58,-0.92,-2.48,-222,-127,-349
"Dinwiddie County, Virginia",Dinwiddie,51053,27888,27999,28161,0.40,0.58,0.98,111,162,273
"Essex County, Virginia",Essex,51057,10595,10552,10630,-0.41,0.74,0.33,-43,78,35
"Fairfax County, Virginia",Fairfax,51059,1148558,1141645,1138331,-0.60,-0.29,-0.89,-6913,-3314,-10227
"Fauquier County, Virginia",Fauquier,51061,72990,74022,74664,1.41,0.87,2.29,1032,642,1674
"Floyd County, Virginia",Floyd,51063,15469,15509,15619,0.26,0.71,0.97,40,110,150
"Fluvanna County, Virginia",Fluvanna,51065,27285,27797,28159,1.88,1.30,3.20,512,362,874
"Franklin County, Virginia",Franklin,51067,54486,55010,55074,0.96,0.12,1.08,524,64,588
"Frederick County, Virginia",Frederick,51069,91865,94014,95051,2.34,1.10,3.47,2149,1037,3186
"Giles County, Virginia",Giles,51071,16785,16584,16453,-1.20,-0.79,-1.98,-201,-131,-332
"Gloucester County, Virginia",Gloucester,51073,38718,39131,39493,1.07,0.93,2.00,413,362,775
"Goochland County, Virginia",Goochland,51075,24853,25499,26109,2.60,2.39,5.05,646,610,1256
"Grayson County, Virginia",Grayson,51077,15278,15330,15343,0.34,0.08,0.43,52,13,65
"Greene County, Virginia",Greene,51079,20606,21028,21107,2.05,0.38,2.43,422,79,501
"Greensville County, Virginia",Greensville,51081,11382,11412,11226,0.26,-1.63,-1.37,30,-186,-156
"Halifax County, Virginia",Halifax,51083,33920,33758,33644,-0.48,-0.34,-0.81,-162,-114,-276
"Hanover County, Virginia",Hanover,51085,110195,111821,112938,1.48,1.00,2.49,1626,1117,2743
"Henrico County, Virginia",Henrico,51087,334344,333867,333962,-0.14,0.03,-0.11,-477,95,-382
"Henry County, Virginia",Henry,51089,50846,50296,49906,-1.08,-0.78,-1.85,-550,-390,-940
"Highland County, Virginia",Highland,51091,2241,2241,2301,0.00,2.68,2.68,0,60,60
"Isle of Wight County, Virginia",Isle of Wight,51093,38702,39393,40151,1.79,1.92,3.74,691,758,1449
"James City County, Virginia",James City,51095,78478,79914,81199,1.83,1.61,3.47,1436,1285,2721
"King and Queen County, Virginia",King and Queen,51097,6588,6668,6718,1.21,0.75,1.97,80,50,130
"King George County, Virginia",King George,51099,26822,27522,27856,2.61,1.21,3.86,700,334,1034
"King William County, Virginia",King William,51101,17916,18205,18492,1.61,1.58,3.22,289,287,576
"Lancaster County, Virginia",Lancaster,51103,10897,10896,10750,-0.01,-1.34,-1.35,-1,-146,-147
"Lee County, Virginia",Lee,51105,22107,22061,21982,-0.21,-0.36,-0.57,-46,-79,-125
"Loudoun County, Virginia",Loudoun,51107,422669,428435,432085,1.36,0.85,2.23,5766,3650,9416
"Louisa County, Virginia",Louisa,51109,37798,39032,40116,3.26,2.78,6.13,1234,1084,2318
"Lunenburg County, Virginia",Lunenburg,51111,11947,11997,12031,0.42,0.28,0.70,50,34,84
"Madison County, Virginia",Madison,51113,13860,13950,14000,0.65,0.36,1.01,90,50,140
"Mathews County, Virginia",Mathews,51115,8520,8545,8490,0.29,-0.64,-0.35,25,-55,-30
"Mecklenburg County, Virginia",Mecklenburg,51117,30278,30300,30508,0.07,0.69,0.76,22,208,230
"Middlesex County, Virginia",Middlesex,51119,10616,10772,10943,1.47,1.59,3.08,156,171,327
"Montgomery County, Virginia",Montgomery,51121,99561,98835,98915,-0.73,0.08,-0.65,-726,80,-646
"Nelson County, Virginia",Nelson,51125,14737,14800,14652,0.43,-1.00,-0.58,63,-148,-85
"New Kent County, Virginia",New Kent,51127,23119,23979,24986,3.72,4.20,8.08,860,1007,1867
"Northumberland County, Virginia",Northumberland,51133,11838,12046,12302,1.76,2.13,3.92,208,256,464
"Nottoway County, Virginia",Nottoway,51135,15639,15584,15559,-0.35,-0.16,-0.51,-55,-25,-80
"Orange County, Virginia",Orange,51137,36391,37189,37991,2.19,2.16,4.40,798,802,1600
"Page County, Virginia",Page,51139,23687,23801,23750,0.48,-0.21,0.27,114,-51,63
"Patrick County, Virginia",Patrick,51141,17583,17668,17643,0.48,-0.14,0.34,85,-25,60
"Pittsylvania County, Virginia",Pittsylvania,51143,60365,60090,59952,-0.46,-0.23,-0.68,-275,-138,-413
"Powhatan County, Virginia",Powhatan,51145,30438,31172,31489,2.41,1.02,3.45,734,317,1051
"Prince Edward County, Virginia",Prince Edward,51147,21898,21957,21927,0.27,-0.14,0.13,59,-30,29
"Prince George County, Virginia",Prince George,51149,43045,42998,43134,-0.11,0.32,0.21,-47,136,89
"Prince William County, Virginia",Prince William,51153,482790,485205,486943,0.50,0.36,0.86,2415,1738,4153
"Pulaski County, Virginia",Pulaski,51155,33804,33808,33706,0.01,-0.30,-0.29,4,-102,-98
"Rappahannock County, Virginia",Rappahannock,51157,7321,7437,7502,1.58,0.87,2.47,116,65,181
"Richmond County, Virginia",Richmond,51159,8919,9049,9080,1.46,0.34,1.81,130,31,161
"Roanoke County, Virginia",Roanoke,51161,96922,96751,96914,-0.18,0.17,-0.01,-171,163,-8
"Rockbridge County, Virginia",Rockbridge,51163,22645,22639,22593,-0.03,-0.20,-0.23,-6,-46,-52
"Rockingham County, Virginia",Rockingham,51165,83765,84470,85397,0.84,1.10,1.95,705,927,1632
"Russell County, Virginia",Russell,51167,25756,25577,25448,-0.69,-0.50,-1.20,-179,-129,-308
"Scott County, Virginia",Scott,51169,21585,21482,21476,-0.48,-0.03,-0.50,-103,-6,-109
"Shenandoah County, Virginia",Shenandoah,51171,44263,44829,44968,1.28,0.31,1.59,566,139,705
"Smyth County, Virginia",Smyth,51173,29782,29600,29449,-0.61,-0.51,-1.12,-182,-151,-333
"Southampton County, Virginia",Southampton,51175,17952,18037,17932,0.47,-0.58,-0.11,85,-105,-20
"Spotsylvania County, Virginia",Spotsylvania,51177,140594,143957,146688,2.39,1.90,4.33,3363,2731,6094
"Stafford County, Virginia",Stafford,51179,157746,161584,163380,2.43,1.11,3.57,3838,1796,5634
"Surry County, Virginia",Surry,51181,6551,6524,6527,-0.41,0.05,-0.37,-27,3,-24
"Sussex County, Virginia",Sussex,51183,10789,10812,10680,0.21,-1.22,-1.01,23,-132,-109
"Tazewell County, Virginia",Tazewell,51185,40405,40057,39821,-0.86,-0.59,-1.45,-348,-236,-584
"Warren County, Virginia",Warren,51187,40786,40957,41440,0.42,1.18,1.60,171,483,654
"Washington County, Virginia",Washington,51191,53889,53793,53958,-0.18,0.31,0.13,-96,165,69
"Westmoreland County, Virginia",Westmoreland,51193,18508,18732,18712,1.21,-0.11,1.10,224,-20,204
"Wise County, Virginia",Wise,51195,36061,35707,35421,-0.98,-0.80,-1.77,-354,-286,-640
"Wythe County, Virginia",Wythe,51197,28312,28200,28111,-0.40,-0.32,-0.71,-112,-89,-201
"York County, Virginia",York,51199,70228,71176,71341,1.35,0.23,1.58,948,165,1113
"Alexandria city, Virginia",Alexandria,51510,159125,155203,155525,-2.46,0.21,-2.26,-3922,322,-3600
"Bristol city, Virginia",Bristol,51520,17295,17095,16975,-1.16,-0.70,-1.85,-200,-120,-320
"Chesapeake city, Virginia",Chesapeake,51550,249803,251739,252488,0.78,0.30,1.07,1936,749,2685
"Danville city, Virginia",Danville,51590,42577,42376,42229,-0.47,-0.35,-0.82,-201,-147,-348
"Hampton city, Virginia",Hampton,51650,137276,137847,138037,0.42,0.14,0.55,571,190,761
"Hopewell city, Virginia",Hopewell,51670,23010,23145,22962,0.59,-0.79,-0.21,135,-183,-48
"Lynchburg city, Virginia",Lynchburg,51680,78973,79118,79287,0.18,0.21,0.40,145,169,314
"Newport News city, Virginia",Newport News,51700,186033,184764,184306,-0.68,-0.25,-0.93,-1269,-458,-1727
"Norfolk city, Virginia",Norfolk,51710,237738,235025,232995,-1.14,-0.86,-2.00,-2713,-2030,-4743
"Petersburg city, Virginia",Petersburg,51730,33388,33367,33394,-0.06,0.08,0.02,-21,27,6
"Poquoson city, Virginia",Poquoson,51735,12472,12609,12582,1.10,-0.21,0.88,137,-27,110
"Portsmouth city, Virginia",Portsmouth,51740,97954,97638,97029,-0.32,-0.62,-0.94,-316,-609,-925
"Richmond city, Virginia",Richmond,51760,227008,227602,229395,0.26,0.79,1.05,594,1793,2387
"Roanoke city, Virginia",Roanoke,51770,99883,98744,97847,-1.14,-0.91,-2.04,-1139,-897,-2036
"Suffolk city, Virginia",Suffolk,51800,94697,96328,98537,1.72,2.29,4.06,1631,2209,3840
"Virginia Beach city, Virginia",Virginia Beach,51810,459646,458680,455618,-0.21,-0.67,-0.88,-966,-3062,-4028
"Adams County, Washington",Adams,53001,20608,20640,20961,0.16,1.56,1.71,32,321,353
"Asotin County, Washington",Asotin,53003,22325,22468,22508,0.64,0.18,0.82,143,40,183
"Benton County, Washington",Benton,53005,207413,210585,212791,1.53,1.05,2.59,3172,2206,5378
"Chelan County, Washington",Chelan,53007,79228,79775,79926,0.69,0.19,0.88,547,151,698
"Clallam County, Washington",Clallam,53009,77357,78442,77805,1.40,-0.81,0.58,1085,-637,448
"Clark County, Washington",Clark,53011,505301,512588,516779,1.44,0.82,2.27,7287,4191,11478
"Columbia County, Washington",Columbia,53013,3949,4015,4026,1.67,0.27,1.95,66,11,77
"Cowlitz County, Washington",Cowlitz,53015,111019,111648,111956,0.57,0.28,0.84,629,308,937
"Douglas County, Washington",Douglas,53017,43031,43838,44192,1.88,0.81,2.70,807,354,1161
"Ferry County, Washington",Ferry,53019,7196,7267,7448,0.99,2.49,3.50,71,181,252
"Franklin County, Washington",Franklin,53021,97143,98126,98678,1.01,0.56,1.58,983,552,1535
"Garfield County, Washington",Garfield,53023,2298,2354,2363,2.44,0.38,2.83,56,9,65
"Grant County, Washington",Grant,53025,99427,100440,101311,1.02,0.87,1.89,1013,871,1884
"Grays Harbor County, Washington",Grays Harbor,53027,75855,76787,77038,1.23,0.33,1.56,932,251,1183
"Jefferson County, Washington",Jefferson,53031,33063,33561,33589,1.51,0.08,1.59,498,28,526
"King County, Washington",King,53033,2274094,2253038,2266789,-0.93,0.61,-0.32,-21056,13751,-7305
"Kitsap County, Washington",Kitsap,53035,275802,276591,277673,0.29,0.39,0.68,789,1082,1871
"Kittitas County, Washington",Kittitas,53037,44626,44688,45189,0.14,1.12,1.26,62,501,563
"Klickitat County, Washington",Klickitat,53039,22816,23178,23271,1.59,0.40,1.99,362,93,455
"Lewis County, Washington",Lewis,53041,82556,84575,85370,2.45,0.94,3.41,2019,795,2814
"Lincoln County, Washington",Lincoln,53043,10927,11277,11601,3.20,2.87,6.17,350,324,674
"Mason County, Washington",Mason,53045,66029,67229,68166,1.82,1.39,3.24,1200,937,2137
"Okanogan County, Washington",Okanogan,53047,42146,42741,43127,1.41,0.90,2.33,595,386,981
"Pacific County, Washington",Pacific,53049,23491,23971,24113,2.04,0.59,2.65,480,142,622
"Pend Oreille County, Washington",Pend Oreille,53051,13506,13906,14179,2.96,1.96,4.98,400,273,673
"Pierce County, Washington",Pierce,53053,923524,927199,927380,0.40,0.02,0.42,3675,181,3856
"Skagit County, Washington",Skagit,53057,129884,130933,131179,0.81,0.19,1.00,1049,246,1295
"Skamania County, Washington",Skamania,53059,12033,12207,12460,1.45,2.07,3.55,174,253,427
"Snohomish County, Washington",Snohomish,53061,829869,836037,840079,0.74,0.48,1.23,6168,4042,10210
"Spokane County, Washington",Spokane,53063,541125,545498,549690,0.81,0.77,1.58,4373,4192,8565
"Stevens County, Washington",Stevens,53065,46587,47553,48229,2.07,1.42,3.52,966,676,1642
"Thurston County, Washington",Thurston,53067,295988,298078,298758,0.71,0.23,0.94,2090,680,2770
"Wahkiakum County, Washington",Wahkiakum,53069,4443,4579,4688,3.06,2.38,5.51,136,109,245
"Walla Walla County, Washington",Walla Walla,53071,62619,62158,61890,-0.74,-0.43,-1.16,-461,-268,-729
"Whatcom County, Washington",Whatcom,53073,227430,226718,230677,-0.31,1.75,1.43,-712,3959,3247
"Whitman County, Washington",Whitman,53075,47804,43238,47619,-9.55,10.13,-0.39,-4566,4381,-185
"Yakima County, Washington",Yakima,53077,256702,256647,257001,-0.02,0.14,0.12,-55,354,299
"Barbour County, West Virginia",Barbour,54001,15463,15445,15414,-0.12,-0.20,-0.32,-18,-31,-49
"Berkeley County, West Virginia",Berkeley,54003,122691,126194,129490,2.86,2.61,5.54,3503,3296,6799
"Boone County, West Virginia",Boone,54005,21739,21367,20968,-1.71,-1.87,-3.55,-372,-399,-771
"Braxton County, West Virginia",Braxton,54007,12397,12293,12185,-0.84,-0.88,-1.71,-104,-108,-212
"Brooke County, West Virginia",Brooke,54009,22472,22109,21733,-1.62,-1.70,-3.29,-363,-376,-739
"Cabell County, West Virginia",Cabell,54011,94234,93494,92730,-0.79,-0.82,-1.60,-740,-764,-1504
"Calhoun County, West Virginia",Calhoun,54013,6199,6165,6068,-0.55,-1.57,-2.11,-34,-97,-131
"Clay County, West Virginia",Clay,54015,8007,7895,7814,-1.40,-1.03,-2.41,-112,-81,-193
"Doddridge County, West Virginia",Doddridge,54017,7787,7739,7698,-0.62,-0.53,-1.14,-48,-41,-89
"Fayette County, West Virginia",Fayette,54019,40425,40083,39487,-0.85,-1.49,-2.32,-342,-596,-938
"Gilmer County, West Virginia",Gilmer,54021,7397,7389,7325,-0.11,-0.87,-0.97,-8,-64,-72
"Grant County, West Virginia",Grant,54023,10988,11009,10968,0.19,-0.37,-0.18,21,-41,-20
"Greenbrier County, West Virginia",Greenbrier,54025,32895,32698,32435,-0.60,-0.80,-1.40,-197,-263,-460
"Hampshire County, West Virginia",Hampshire,54027,23097,23374,23468,1.20,0.40,1.61,277,94,371
"Hancock County, West Virginia",Hancock,54029,29037,28591,28172,-1.54,-1.47,-2.98,-446,-419,-865
"Hardy County, West Virginia",Hardy,54031,14241,14155,14192,-0.60,0.26,-0.34,-86,37,-49
"Harrison County, West Virginia",Harrison,54033,65839,65436,64915,-0.61,-0.80,-1.40,-403,-521,-924
"Jackson County, West Virginia",Jackson,54035,27720,27761,27716,0.15,-0.16,-0.01,41,-45,-4
"Jefferson County, West Virginia",Jefferson,54037,57783,58520,58979,1.28,0.78,2.07,737,459,1196
"Kanawha County, West Virginia",Kanawha,54039,180217,177993,175515,-1.23,-1.39,-2.61,-2224,-2478,-4702
"Lewis County, West Virginia",Lewis,54041,17016,16897,16767,-0.70,-0.77,-1.46,-119,-130,-249
"Lincoln County, West Virginia",Lincoln,54043,20363,20191,19901,-0.84,-1.44,-2.27,-172,-290,-462
"Logan County, West Virginia",Logan,54045,32510,31917,31316,-1.82,-1.88,-3.67,-593,-601,-1194
"McDowell County, West Virginia",McDowell,54047,18921,18413,17850,-2.68,-3.06,-5.66,-508,-563,-1071
"Marion County, West Virginia",Marion,54049,56230,56117,55952,-0.20,-0.29,-0.49,-113,-165,-278
"Marshall County, West Virginia",Marshall,54051,30497,30208,29752,-0.95,-1.51,-2.44,-289,-456,-745
"Mason County, West Virginia",Mason,54053,25398,25290,25000,-0.43,-1.15,-1.57,-108,-290,-398
"Mercer County, West Virginia",Mercer,54055,59517,59215,58700,-0.51,-0.87,-1.37,-302,-515,-817
"Mineral County, West Virginia",Mineral,54057,26890,26866,26855,-0.09,-0.04,-0.13,-24,-11,-35
"Mingo County, West Virginia",Mingo,54059,23487,23094,22573,-1.67,-2.26,-3.89,-393,-521,-914
"Monongalia County, West Virginia",Monongalia,54061,105905,106487,106869,0.55,0.36,0.91,582,382,964
"Monroe County, West Virginia",Monroe,54063,12380,12383,12296,0.02,-0.70,-0.68,3,-87,-84
"Morgan County, West Virginia",Morgan,54065,17087,17280,17430,1.13,0.87,2.01,193,150,343
"Nicholas County, West Virginia",Nicholas,54067,24554,24415,24335,-0.57,-0.33,-0.89,-139,-80,-219
"Ohio County, West Virginia",Ohio,54069,42338,41878,41447,-1.09,-1.03,-2.10,-460,-431,-891
"Pendleton County, West Virginia",Pendleton,54071,6132,6078,6011,-0.88,-1.10,-1.97,-54,-67,-121
"Pleasants County, West Virginia",Pleasants,54073,7652,7612,7586,-0.52,-0.34,-0.86,-40,-26,-66
"Pocahontas County, West Virginia",Pocahontas,54075,7864,7890,7819,0.33,-0.90,-0.57,26,-71,-45
"Preston County, West Virginia",Preston,54077,34187,34270,34172,0.24,-0.29,-0.04,83,-98,-15
"Putnam County, West Virginia",Putnam,54079,57432,57355,57015,-0.13,-0.59,-0.73,-77,-340,-417
"Raleigh County, West Virginia",Raleigh,54081,74386,73801,72882,-0.79,-1.25,-2.02,-585,-919,-1504
"Randolph County, West Virginia",Randolph,54083,27892,27891,27600,0.00,-1.04,-1.05,-1,-291,-292
"Ritchie County, West Virginia",Ritchie,54085,8426,8388,8207,-0.45,-2.16,-2.60,-38,-181,-219
"Roane County, West Virginia",Roane,54087,13986,13912,13834,-0.53,-0.56,-1.09,-74,-78,-152
"Summers County, West Virginia",Summers,54089,11939,11892,11762,-0.39,-1.09,-1.48,-47,-130,-177
"Taylor County, West Virginia",Taylor,54091,16684,16483,16342,-1.20,-0.86,-2.05,-201,-141,-342
"Tucker County, West Virginia",Tucker,54093,6753,6675,6568,-1.16,-1.60,-2.74,-78,-107,-185
"Tyler County, West Virginia",Tyler,54095,8296,8243,8183,-0.64,-0.73,-1.36,-53,-60,-113
"Upshur County, West Virginia",Upshur,54097,23813,23820,23712,0.03,-0.45,-0.42,7,-108,-101
"Wayne County, West Virginia",Wayne,54099,38864,38533,37998,-0.85,-1.39,-2.23,-331,-535,-866
"Webster County, West Virginia",Webster,54101,8356,8286,8167,-0.84,-1.44,-2.26,-70,-119,-189
"Wetzel County, West Virginia",Wetzel,54103,14392,14195,14025,-1.37,-1.20,-2.55,-197,-170,-367
"Wirt County, West Virginia",Wirt,54105,5186,5059,5091,-2.45,0.63,-1.83,-127,32,-95
"Wood County, West Virginia",Wood,54107,84142,83791,83340,-0.42,-0.54,-0.95,-351,-451,-802
"Wyoming County, West Virginia",Wyoming,54109,21317,20991,20527,-1.53,-2.21,-3.71,-326,-464,-790
"Adams County, Wisconsin",Adams,55001,20675,20795,21226,0.58,2.07,2.67,120,431,551
"Ashland County, Wisconsin",Ashland,55003,16018,16054,16039,0.22,-0.09,0.13,36,-15,21
"Barron County, Wisconsin",Barron,55005,46714,46746,46843,0.07,0.21,0.28,32,97,129
"Bayfield County, Wisconsin",Bayfield,55007,16233,16304,16608,0.44,1.86,2.31,71,304,375
"Brown County, Wisconsin",Brown,55009,268921,268814,270036,-0.04,0.45,0.41,-107,1222,1115
"Buffalo County, Wisconsin",Buffalo,55011,13319,13312,13391,-0.05,0.59,0.54,-7,79,72
"Burnett County, Wisconsin",Burnett,55013,16579,16759,17036,1.09,1.65,2.76,180,277,457
"Calumet County, Wisconsin",Calumet,55015,52462,52587,52718,0.24,0.25,0.49,125,131,256
"Chippewa County, Wisconsin",Chippewa,55017,66337,66628,66807,0.44,0.27,0.71,291,179,470
"Clark County, Wisconsin",Clark,55019,34667,34722,34691,0.16,-0.09,0.07,55,-31,24
"Columbia County, Wisconsin",Columbia,55021,58516,58404,58193,-0.19,-0.36,-0.55,-112,-211,-323
"Crawford County, Wisconsin",Crawford,55023,16084,16082,16007,-0.01,-0.47,-0.48,-2,-75,-77
"Dane County, Wisconsin",Dane,55025,562577,561724,568203,-0.15,1.15,1.00,-853,6479,5626
"Dodge County, Wisconsin",Dodge,55027,89353,88657,88282,-0.78,-0.42,-1.20,-696,-375,-1071
"Door County, Wisconsin",Door,55029,30120,30406,30526,0.95,0.39,1.35,286,120,406
"Douglas County, Wisconsin",Douglas,55031,44343,44026,44144,-0.71,0.27,-0.45,-317,118,-199
"Dunn County, Wisconsin",Dunn,55033,45441,44509,45651,-2.05,2.57,0.46,-932,1142,210
"Eau Claire County, Wisconsin",Eau Claire,55035,105874,105988,106837,0.11,0.80,0.91,114,849,963
"Florence County, Wisconsin",Florence,55037,4560,4586,4688,0.57,2.22,2.81,26,102,128
"Fond du Lac County, Wisconsin",Fond du Lac,55039,104150,104166,103836,0.02,-0.32,-0.30,16,-330,-314
"Forest County, Wisconsin",Forest,55041,9165,9262,9381,1.06,1.28,2.36,97,119,216
"Grant County, Wisconsin",Grant,55043,51984,51285,51276,-1.34,-0.02,-1.36,-699,-9,-708
"Green County, Wisconsin",Green,55045,37036,37018,36816,-0.05,-0.55,-0.59,-18,-202,-220
"Green Lake County, Wisconsin",Green Lake,55047,19022,19249,19220,1.19,-0.15,1.04,227,-29,198
"Iowa County, Wisconsin",Iowa,55049,23709,23777,23865,0.29,0.37,0.66,68,88,156
"Iron County, Wisconsin",Iron,55051,6146,6193,6224,0.76,0.50,1.27,47,31,78
"Jackson County, Wisconsin",Jackson,55053,21096,20899,20836,-0.93,-0.30,-1.23,-197,-63,-260
"Jefferson County, Wisconsin",Jefferson,55055,86193,85796,85784,-0.46,-0.01,-0.47,-397,-12,-409
"Juneau County, Wisconsin",Juneau,55057,26780,26756,26866,-0.09,0.41,0.32,-24,110,86
"Kenosha County, Wisconsin",Kenosha,55059,169184,168465,167817,-0.42,-0.38,-0.81,-719,-648,-1367
"Kewaunee County, Wisconsin",Kewaunee,55061,20550,20577,20623,0.13,0.22,0.36,27,46,73
"La Crosse County, Wisconsin",La Crosse,55063,120930,119367,120294,-1.29,0.78,-0.53,-1563,927,-636
"Lafayette County, Wisconsin",Lafayette,55065,16613,16816,16877,1.22,0.36,1.59,203,61,264
"Langlade County, Wisconsin",Langlade,55067,19462,19505,19559,0.22,0.28,0.50,43,54,97
"Lincoln County, Wisconsin",Lincoln,55069,28429,28453,28376,0.08,-0.27,-0.19,24,-77,-53
"Manitowoc County, Wisconsin",Manitowoc,55071,81384,81479,81172,0.12,-0.38,-0.26,95,-307,-212
"Marathon County, Wisconsin",Marathon,55073,138047,137746,137958,-0.22,0.15,-0.06,-301,212,-89
"Marinette County, Wisconsin",Marinette,55075,41885,41849,41988,-0.09,0.33,0.25,-36,139,103
"Marquette County, Wisconsin",Marquette,55077,15594,15777,15779,1.17,0.01,1.19,183,2,185
"Menominee County, Wisconsin",Menominee,55078,4256,4292,4197,0.85,-2.21,-1.39,36,-95,-59
"Milwaukee County, Wisconsin",Milwaukee,55079,938527,924207,918661,-1.53,-0.60,-2.12,-14320,-5546,-19866
"Monroe County, Wisconsin",Monroe,55081,46296,46246,46109,-0.11,-0.30,-0.40,-50,-137,-187
"Oconto County, Wisconsin",Oconto,55083,39080,39393,39633,0.80,0.61,1.42,313,240,553
"Oneida County, Wisconsin",Oneida,55085,37872,38282,38212,1.08,-0.18,0.90,410,-70,340
"Outagamie County, Wisconsin",Outagamie,55087,190961,191309,192127,0.18,0.43,0.61,348,818,1166
"Ozaukee County, Wisconsin",Ozaukee,55089,91613,92551,93009,1.02,0.49,1.52,938,458,1396
"Pepin County, Wisconsin",Pepin,55091,7347,7386,7410,0.53,0.32,0.86,39,24,63
"Pierce County, Wisconsin",Pierce,55093,42223,41606,42532,-1.46,2.23,0.73,-617,926,309
"Polk County, Wisconsin",Polk,55095,45032,45521,45709,1.09,0.41,1.50,489,188,677
"Portage County, Wisconsin",Portage,55097,70402,69429,70718,-1.38,1.86,0.45,-973,1289,316
"Price County, Wisconsin",Price,55099,14032,14055,14179,0.16,0.88,1.05,23,124,147
"Racine County, Wisconsin",Racine,55101,197536,196439,195846,-0.56,-0.30,-0.86,-1097,-593,-1690
"Richland County, Wisconsin",Richland,55103,17272,17166,17090,-0.61,-0.44,-1.05,-106,-76,-182
"Rock County, Wisconsin",Rock,55105,163751,164192,164060,0.27,-0.08,0.19,441,-132,309
"Rusk County, Wisconsin",Rusk,55107,14179,14116,14186,-0.44,0.50,0.05,-63,70,7
"St. Croix County, Wisconsin",St. Croix,55109,93874,95055,96017,1.26,1.01,2.28,1181,962,2143
"Sauk County, Wisconsin",Sauk,55111,65793,65740,65777,-0.08,0.06,-0.02,-53,37,-16
"Sawyer County, Wisconsin",Sawyer,55113,18123,18247,18559,0.68,1.71,2.41,124,312,436
"Shawano County, Wisconsin",Shawano,55115,40873,40812,40886,-0.15,0.18,0.03,-61,74,13
"Sheboygan County, Wisconsin",Sheboygan,55117,118030,117697,117841,-0.28,0.12,-0.16,-333,144,-189
"Taylor County, Wisconsin",Taylor,55119,19937,19944,19975,0.04,0.16,0.19,7,31,38
"Trempealeau County, Wisconsin",Trempealeau,55121,30806,30730,30899,-0.25,0.55,0.30,-76,169,93
"Vernon County, Wisconsin",Vernon,55123,30698,30921,31060,0.73,0.45,1.18,223,139,362
"Vilas County, Wisconsin",Vilas,55125,23097,23522,23763,1.84,1.02,2.88,425,241,666
"Walworth County, Wisconsin",Walworth,55127,105308,105200,105380,-0.10,0.17,0.07,-108,180,72
"Washburn County, Wisconsin",Washburn,55129,16613,16760,16911,0.88,0.90,1.79,147,151,298
"Washington County, Wisconsin",Washington,55131,136784,137237,137688,0.33,0.33,0.66,453,451,904
"Waukesha County, Wisconsin",Waukesha,55133,407467,409080,410434,0.40,0.33,0.73,1613,1354,2967
"Waupaca County, Wisconsin",Waupaca,55135,51791,51992,51488,0.39,-0.97,-0.59,201,-504,-303
"Waushara County, Wisconsin",Waushara,55137,24549,24797,24999,1.01,0.81,1.83,248,202,450
"Winnebago County, Wisconsin",Winnebago,55139,171800,170554,170718,-0.73,0.10,-0.63,-1246,164,-1082
"Wood County, Wisconsin",Wood,55141,74197,74085,73993,-0.15,-0.12,-0.27,-112,-92,-204
"Albany County, Wyoming",Albany,56001,37110,37860,38031,2.02,0.45,2.48,750,171,921
"Big Horn County, Wyoming",Big Horn,56003,11481,11645,11855,1.43,1.80,3.26,164,210,374
"Campbell County, Wyoming",Campbell,56005,47139,46533,47058,-1.29,1.13,-0.17,-606,525,-81
"Carbon County, Wyoming",Carbon,56007,14504,14679,14542,1.21,-0.93,0.26,175,-137,38
"Converse County, Wyoming",Converse,56009,13741,13678,13786,-0.46,0.79,0.33,-63,108,45
"Crook County, Wyoming",Crook,56011,7186,7319,7448,1.85,1.76,3.65,133,129,262
"Fremont County, Wyoming",Fremont,56013,39197,39422,39472,0.57,0.13,0.70,225,50,275
"Goshen County, Wyoming",Goshen,56015,12514,12557,12562,0.34,0.04,0.38,43,5,48
"Hot Springs County, Wyoming",Hot Springs,56017,4618,4574,4588,-0.95,0.31,-0.65,-44,14,-30
"Johnson County, Wyoming",Johnson,56019,8467,8633,8730,1.96,1.12,3.11,166,97,263
"Laramie County, Wyoming",Laramie,56021,100718,100794,100723,0.08,-0.07,0.00,76,-71,5
"Lincoln County, Wyoming",Lincoln,56023,19657,20170,20660,2.61,2.43,5.10,513,490,1003
"Natrona County, Wyoming",Natrona,56025,80282,79660,79601,-0.77,-0.07,-0.85,-622,-59,-681
"Niobrara County, Wyoming",Niobrara,56027,2452,2414,2380,-1.55,-1.41,-2.94,-38,-34,-72
"Park County, Wyoming",Park,56029,29664,30142,30518,1.61,1.25,2.88,478,376,854
"Platte County, Wyoming",Platte,56031,8632,8674,8645,0.49,-0.33,0.15,42,-29,13
"Sheridan County, Wyoming",Sheridan,56033,31005,31667,32096,2.14,1.35,3.52,662,429,1091
"Sublette County, Wyoming",Sublette,56035,8738,8725,8763,-0.15,0.44,0.29,-13,38,25
"Sweetwater County, Wyoming",Sweetwater,56037,42190,41582,41345,-1.44,-0.57,-2.00,-608,-237,-845
"Teton County, Wyoming",Teton,56039,23377,23622,23287,1.05,-1.42,-0.38,245,-335,-90
"Uinta County, Wyoming",Uinta,56041,20457,20655,20712,0.97,0.28,1.25,198,57,255
"Washakie County, Wyoming",Washakie,56043,7658,7712,7719,0.71,0.09,0.80,54,7,61
"Weston County, Wyoming",Weston,56045,6818,6766,6860,-0.76,1.39,0.62,-52,94,42
